1;1;2;平塚ST1;その他;-1;1;139.9183;34.5956;230;286;0;0;255
1;1;2;平塚ST2;その他;-1;1;139.8393;34.7396;228;282;0;0;255
1;1;2;平塚ST3;その他;-1;1;139.6435;34.7983;224;281;0;0;255
1;1;2;平塚ST4;その他;-1;1;139.5711;34.8931;223;278;0;0;255
1;1;2;平塚ST5;その他;-1;1;139.4213;34.9413;220;277;0;0;255
1;1;2;平塚ST6;その他;-1;1;139.3778;35.0966;219;273;0;0;255
1;1;2;上野;三重県;461;46;136.1151;34.7677;152;282;0;0;255
1;1;2;亀山;三重県;460;46;136.4493;34.8569;159;279;1;-1;255
1;1;2;伊勢;三重県;462;46;136.7334;34.4908;165;288;0;0;255
1;1;2;南島;三重県;462;46;136.4996;34.2777;160;294;0;0;255
1;1;2;名張;三重県;461;46;136.1073;34.6285;152;285;1;1;255
1;1;1;四日市;三重県;460;46;136.4563;34.9849;159;276;0;1;255
1;1;2;四日市;三重県;460;46;136.6357;34.9704;163;277;0;0;255
1;1;1;大山田;三重県;461;46;136.2835;34.7662;156;282;0;0;255
1;1;1;嬉野;三重県;461;46;136.3692;34.5470;158;287;0;0;255
1;1;1;宮川;三重県;462;46;136.3293;34.3580;157;292;0;0;255
1;0;2;宮川;三重県;462;46;136.3348;34.3624;157;291;0;0;255
1;1;1;尾鷲;三重県;462;46;136.1689;34.0637;154;299;0;0;255
1;0;2;尾鷲;三重県;462;46;136.1687;34.0638;153;299;0;0;255
1;1;1;度会;三重県;462;46;136.5866;34.3532;162;292;0;0;51
1;1;1;志摩;三重県;462;46;136.8216;34.2544;167;294;0;0;255
1;0;2;志摩;三重県;462;46;136.8232;34.2544;167;294;0;0;255
1;1;1;松阪;三重県;461;46;136.5033;34.5424;160;287;1;1;255
1;1;2;松阪;三重県;461;46;136.5296;34.5752;161;286;1;-1;255
1;0;2;椿世;三重県;460;46;136.4546;34.8702;159;279;0;0;255
1;1;2;津;三重県;461;46;136.5039;34.7178;160;283;0;0;255
1;1;2;熊野;三重県;462;46;136.0822;33.8783;152;303;0;0;255
1;1;2;白山;三重県;461;46;136.3365;34.6435;157;285;0;0;255
1;1;2;紀和;三重県;462;46;135.9188;33.8764;148;303;0;0;255
1;1;1;紀宝;三重県;462;46;135.9969;33.7644;150;306;0;0;255
1;1;1;芸濃;三重県;461;46;136.4245;34.8224;159;280;0;1;255
1;1;2;菰野;三重県;460;46;136.5073;35.0279;160;275;1;0;255
1;1;2;藤原;三重県;460;46;136.4943;35.1718;160;272;0;0;255
1;1;2;飯高;三重県;461;46;136.3329;34.4283;157;290;0;0;255
1;0;2;丹後;京都府;510;51;135.1022;35.7406;132;258;0;0;255
1;1;1;久御山;京都府;511;51;135.7461;34.8983;145;278;0;0;255
1;0;2;久美浜;京都府;510;51;134.8941;35.6037;128;261;0;0;255
1;1;1;亀岡;京都府;511;51;135.4846;35.0469;140;275;0;0;56
1;0;2;亀岡;京都府;511;51;135.5638;35.0170;141;275;0;0;255
1;1;1;京都;京都府;511;51;135.7304;35.0094;145;276;0;0;255
1;1;2;京都;京都府;511;51;135.8188;34.9962;146;276;1;-1;255
1;1;1;伊根;京都府;510;51;135.2496;35.7101;135;258;0;0;255
1;0;2;伊根;京都府;510;51;135.2919;35.6767;136;259;0;0;255
1;0;2;南山城;京都府;511;51;135.9921;34.7732;150;281;0;0;255
0;0;2;大布施;京都府;511;51;135.7738;35.2098;145;271;0;0;255
1;0;2;宇治;京都府;511;51;135.8047;34.8784;146;279;0;0;255
1;0;2;宮津;京都府;510;51;135.1960;35.5354;134;263;0;0;255
1;0;2;広河原;京都府;511;51;135.7667;35.2497;145;270;0;0;255
1;0;2;日吉;京都府;511;51;135.5016;35.1637;140;272;0;0;255
1;0;2;本庄;京都府;511;51;135.3966;35.2612;138;269;0;0;255
1;1;1;福知山;京都府;510;51;135.1334;35.3130;132;268;0;0;55
1;0;2;福知山;京都府;510;51;135.1827;35.2759;133;269;0;0;255
1;1;1;網野;京都府;510;51;135.0268;35.6814;130;259;0;0;255
1;1;1;美山;京都府;511;51;135.5508;35.2685;141;269;0;0;255
1;0;2;舞鶴;京都府;510;51;135.3891;35.4759;138;264;0;0;255
1;0;2;芦生;京都府;511;51;135.7130;35.3057;144;268;0;0;255
1;1;1;野田川;京都府;510;51;135.1243;35.5243;132;263;0;0;255
1;1;1;伊万里;佐賀県;720;72;129.8798;33.2656;26;318;0;0;255
1;0;2;伊万里;佐賀県;720;72;129.8813;33.2646;26;318;0;0;255
1;1;2;佐賀;佐賀県;721;72;130.3004;33.2627;34;318;0;0;255
1;0;2;厳木;佐賀県;720;72;130.0643;33.3213;29;317;0;0;255
1;0;2;唐津;佐賀県;720;72;129.9195;33.4247;26;314;0;0;255
1;1;1;富士;佐賀県;721;72;130.2329;33.4098;33;315;0;0;255
1;0;2;富士;佐賀県;721;72;130.2074;33.3730;32;316;0;0;255
1;1;1;東脊振;佐賀県;721;72;130.4046;33.3654;36;316;0;0;255
1;0;2;武雄;佐賀県;721;72;130.0340;33.1916;29;320;0;0;255
1;1;1;白石;佐賀県;721;72;130.1046;33.1806;30;320;0;0;91
1;1;1;鎮西;佐賀県;720;72;129.8877;33.5080;26;312;0;0;255
1;0;2;鎮西;佐賀県;720;72;129.8771;33.5274;25;312;0;0;255
1;0;2;鹿島;佐賀県;721;72;130.0996;33.1038;30;322;0;0;255
1;1;1;三原;兵庫県;535;53;134.7941;34.2937;126;293;0;0;255
1;0;2;三木;兵庫県;531;53;134.9899;34.7976;130;281;0;0;255
1;0;2;三田;兵庫県;531;53;135.2713;34.9515;135;277;0;0;255
1;0;2;上月;兵庫県;532;53;134.3228;34.9848;116;276;0;0;255
1;1;1;上郡;兵庫県;532;53;134.3284;34.8995;116;278;0;0;255
1;0;2;丹南;兵庫県;531;53;135.1777;35.0593;133;274;0;0;255
1;1;2;五色;兵庫県;535;53;134.7925;34.4149;126;290;0;0;255
1;1;1;出石;兵庫県;530;53;134.8621;35.4574;127;265;0;0;255
1;0;2;出石;兵庫県;530;53;134.8758;35.4615;127;264;0;0;255
1;1;1;加古川;兵庫県;531;53;134.8078;34.8164;126;280;0;0;57
1;0;2;加古川;兵庫県;531;53;134.8236;34.8320;126;280;0;0;255
1;1;1;加美;兵庫県;531;53;134.9036;35.1010;128;273;0;0;255
1;1;1;南光;兵庫県;532;53;134.4234;35.0671;118;274;0;0;64
1;1;2;南淡;兵庫県;535;53;134.7292;34.2499;124;294;0;0;255
1;0;2;和田山;兵庫県;530;53;134.8619;35.3407;127;267;0;0;255
1;1;1;夢前;兵庫県;532;53;134.6701;35.0322;123;275;0;0;255
1;0;2;大屋;兵庫県;530;53;134.6652;35.3326;123;268;0;0;255
1;0;2;姫路;兵庫県;532;53;134.6870;34.8143;123;280;0;0;255
1;0;2;山崎;兵庫県;532;53;134.5520;34.9959;121;276;0;0;255
1;1;1;山東;兵庫県;530;53;134.9071;35.2925;128;269;0;0;255
1;0;2;市川;兵庫県;532;53;134.7634;34.9890;125;276;0;0;255
1;1;1;新宮;兵庫県;532;53;134.5423;34.9313;120;277;0;0;255
1;0;2;明石;兵庫県;531;53;134.9999;34.6444;130;285;0;0;255
1;1;1;村岡;兵庫県;530;53;134.5953;35.4697;121;264;0;0;255
1;0;2;村岡;兵庫県;530;53;134.5748;35.4582;121;265;0;0;255
1;1;1;東条;兵庫県;531;53;135.0844;34.9082;131;278;0;0;255
1;1;2;東浦;兵庫県;535;53;134.9904;34.5330;130;287;0;0;255
1;1;1;波賀;兵庫県;532;53;134.5237;35.2193;120;270;0;0;255
1;0;2;波賀;兵庫県;532;53;134.5459;35.1637;120;272;0;0;255
1;1;2;洲本;兵庫県;535;53;134.9014;34.3405;128;292;0;0;255
1;0;2;浜坂;兵庫県;530;53;134.4500;35.6194;119;261;0;0;255
1;0;2;生野;兵庫県;530;53;134.7880;35.1482;125;272;0;0;255
1;1;1;相生;兵庫県;532;53;134.4792;34.7935;119;281;0;0;255
1;1;2;神戸;兵庫県;531;53;135.1583;34.6898;133;283;0;0;255
1;1;1;篠山;兵庫県;531;53;135.2811;35.0708;135;274;0;0;255
1;0;2;西宮;兵庫県;531;53;135.3499;34.7463;137;282;0;0;255
1;0;2;西脇;兵庫県;531;53;134.9999;35.0023;130;276;0;0;255
1;0;2;赤穂;兵庫県;532;53;134.3900;34.7551;117;282;0;0;255
1;1;1;香住;兵庫県;530;53;134.6566;35.6208;123;261;0;0;255
1;0;2;香住;兵庫県;530;53;134.6284;35.6411;122;260;0;0;255
1;0;2;黒井;兵庫県;531;53;135.1041;35.1690;132;272;0;0;255
1;0;2;龍野;兵庫県;532;53;134.5445;34.8593;120;279;0;0;255
1;0;2;えりも;北海道;152;11;143.1487;42.0170;296;104;0;0;255
1;1;2;えりも岬;北海道;152;11;143.2403;41.9370;297;106;0;0;255
1;0;2;ウトロ;北海道;140;13;144.9973;44.0699;333;53;0;0;255
0;1;2;トムラウシ;北海道;155;13;142.9473;43.3338;291;71;0;0;255
1;0;2;ニセコ;北海道;116;10;140.6877;42.8077;245;84;0;0;255
1;0;2;七飯;北海道;106;11;140.6958;41.8995;246;106;0;0;255
1;0;2;三石;北海道;151;11;142.5643;42.2528;284;98;0;0;255
1;1;1;三笠;北海道;122;10;141.8978;43.2300;270;74;0;0;255
1;0;2;上の湯;北海道;105;11;140.3758;42.1244;239;101;0;0;255
1;1;1;上川;北海道;126;12;142.7656;43.8546;288;59;0;0;6
1;0;2;上川;北海道;126;12;142.7686;43.8543;288;59;0;0;255
1;0;2;上猿払;北海道;135;12;142.2255;45.2141;277;25;0;0;255
1;1;1;上磯;北海道;106;11;140.6331;41.8374;244;108;0;0;13
1;0;2;上西春別;北海道;166;13;144.7704;43.4108;329;69;0;0;255
1;0;2;下川;北海道;125;12;142.6419;44.3111;285;47;0;0;255
1;1;1;下川東;北海道;125;12;142.7656;44.3207;288;47;0;0;255
1;1;1;下川西;北海道;125;12;142.6303;44.2921;285;48;0;0;255
1;1;1;中富良野;北海道;127;12;142.5245;43.3841;283;70;0;0;255
1;1;1;中川;北海道;125;12;142.0528;44.6617;273;39;0;0;255
1;0;2;中川;北海道;125;12;142.0717;44.8116;274;35;0;0;255
1;0;2;中札内;北海道;157;13;143.1356;42.6975;295;87;0;0;255
1;1;1;中標津;北海道;165;13;144.9665;43.5508;333;66;0;0;255
1;0;2;中標津;北海道;165;13;144.9726;43.5550;333;66;0;0;255
1;1;1;中頓別;北海道;136;12;142.2247;44.9387;277;32;0;0;255
1;0;2;中頓別;北海道;136;12;142.2908;44.9698;278;31;0;0;255
1;0;2;二股;北海道;161;13;143.8916;43.1502;311;76;0;0;255
1;0;2;仁宇布;北海道;125;12;142.5691;44.5450;284;42;0;0;255
1;0;2;今金;北海道;110;11;140.0175;42.4286;232;94;0;0;255
1;0;2;伊達;北海道;145;11;140.8658;42.4727;249;92;0;0;255
1;1;1;佐呂間;北海道;141;13;143.9455;44.0813;312;53;0;0;255
1;0;2;佐呂間;北海道;141;13;143.7747;44.0185;308;54;0;0;255
1;0;2;余別;北海道;115;10;140.3791;43.3235;239;72;0;0;255
1;0;2;余市;北海道;115;10;140.7818;43.1974;247;75;0;0;255
1;1;1;倶知安;北海道;116;10;140.8223;42.9500;248;81;1;-1;255
1;1;2;倶知安;北海道;116;10;140.7672;42.9057;247;82;-1;1;255
1;0;2;八雲;北海道;105;11;140.2636;42.2586;237;98;0;0;255
1;1;1;共和;北海道;117;10;140.6219;42.9758;244;80;0;0;255
1;1;2;函館;北海道;106;11;140.7383;41.7701;246;110;0;0;255
1;0;2;初山別;北海道;130;12;141.7664;44.5323;267;42;0;0;255
1;0;2;別海;北海道;166;13;145.1168;43.3941;336;70;0;0;255
1;1;1;別海東;北海道;166;13;145.1224;43.3978;336;70;0;0;255
1;1;1;別海西;北海道;166;13;144.8021;43.3900;329;70;0;0;255
1;0;2;北島歌;北海道;110;11;139.8287;42.5949;228;89;0;0;255
1;1;1;北檜山;北海道;110;11;139.9678;42.4851;231;92;0;0;255
1;1;2;北見;北海道;141;13;143.9008;43.7996;311;60;0;0;255
1;1;1;千歳;北海道;102;10;141.6399;42.8880;265;82;0;0;255
1;0;2;千歳;北海道;102;10;141.6010;42.7900;264;85;0;0;255
1;0;2;南富良野;北海道;127;12;142.5662;43.1666;284;75;0;0;255
1;0;2;南茅部;北海道;106;11;140.9697;41.9051;251;106;0;0;255
1;1;1;占冠;北海道;127;12;142.6562;43.0406;285;78;0;0;255
1;0;2;占冠;北海道;127;12;142.3995;42.9805;280;80;0;0;255
1;0;2;厚岸;北海道;161;13;144.8498;43.0509;330;78;0;0;255
1;0;2;厚床;北海道;167;13;145.2604;43.2326;338;74;0;0;255
1;1;1;厚沢部;北海道;110;11;140.3087;41.9856;238;104;0;0;255
1;0;2;厚田;北海道;100;10;141.4346;43.4001;261;70;0;0;255
1;1;1;厚真;北海道;146;11;141.8641;42.6486;269;88;0;0;11
1;1;1;古平;北海道;115;10;140.6228;43.2341;244;74;0;0;255
1;1;1;名寄;北海道;125;12;142.4056;44.4376;280;44;0;0;255
1;0;2;名寄;北海道;125;12;142.4547;44.3598;281;46;0;0;255
1;1;1;和寒;北海道;125;12;142.2834;43.9754;278;56;0;0;255
1;0;2;和寒;北海道;125;12;142.4123;44.0235;281;54;0;0;255
1;1;1;喜茂別;北海道;116;10;140.9766;42.7680;251;85;0;0;255
1;0;2;喜茂別;北海道;116;10;140.9364;42.7977;251;84;0;0;255
1;0;2;四番川;北海道;100;10;141.5924;43.5324;264;66;0;0;255
1;0;2;塘路;北海道;161;13;144.4976;43.1486;323;76;0;0;255
1;0;2;増毛;北海道;131;12;141.5275;43.8515;263;59;0;0;255
1;0;2;士別;北海道;125;12;142.3942;44.1821;280;50;0;0;255
1;0;2;士幌;北海道;156;13;143.2408;43.1694;297;75;0;0;255
1;0;2;壮瞥;北海道;145;11;140.8866;42.5533;249;90;0;0;255
1;1;1;夕張;北海道;122;10;142.0085;42.9930;272;80;0;0;255
1;0;2;夕張;北海道;122;10;142.0085;42.9933;272;80;0;0;255
1;0;2;大成;北海道;110;11;139.8184;42.2286;228;98;0;0;255
1;1;1;大樹;北海道;157;13;143.1520;42.4865;296;92;0;0;9
1;0;2;大樹;北海道;157;13;143.2787;42.4984;298;92;0;0;255
1;1;1;大滝;北海道;145;11;141.0643;42.6476;253;88;0;0;255
1;0;2;大滝;北海道;145;11;141.0791;42.6711;253;88;0;0;255
1;0;2;天人峡;北海道;126;12;142.6837;43.6249;286;64;0;0;255
1;1;1;天塩;北海道;130;12;141.9251;44.8948;271;33;0;0;255
1;0;2;天塩;北海道;130;12;141.7500;44.8845;267;33;0;0;255
1;1;1;女満別;北海道;140;13;144.1913;43.9144;317;57;0;0;255
1;0;2;宗谷岬;北海道;135;12;141.9548;45.5132;271;18;0;0;255
1;0;2;定山渓;北海道;101;10;141.1651;42.9721;255;80;0;0;255
1;1;1;室蘭;北海道;146;11;141.0017;42.4116;252;94;0;0;255
1;1;2;室蘭;北海道;146;11;141.0319;42.3483;252;95;0;1;255
1;0;2;富士見;北海道;141;13;143.3088;43.6746;299;63;0;0;255
1;1;1;富良野;北海道;127;12;142.3409;43.3697;279;70;0;0;255
1;0;2;富良野;北海道;127;12;142.3845;43.3421;280;71;0;0;255
1;0;2;寿都;北海道;117;10;140.2305;42.7904;236;85;0;0;255
1;1;1;小平東;北海道;131;12;141.9621;44.0974;271;53;0;0;255
1;1;1;小平西;北海道;131;12;141.7876;44.0254;268;54;0;0;255
1;0;2;小樽;北海道;115;10;140.9935;43.1907;252;75;0;0;255
1;1;1;小清水;北海道;140;13;144.4574;43.8566;322;58;0;0;255
1;0;2;小清水;北海道;140;13;144.4629;43.8565;322;58;0;0;255
1;1;2;小砂子;北海道;110;11;139.9976;41.6487;231;113;0;0;255
1;0;2;層雲峡;北海道;126;12;142.9033;43.7704;291;61;0;0;255
1;0;2;岩内;北海道;117;10;140.5094;42.9793;242;80;0;0;255
1;1;2;岩見沢;北海道;122;10;141.7754;43.1968;268;75;0;0;255
1;1;1;島牧;北海道;117;10;140.1557;42.7797;235;85;0;0;255
1;0;2;島牧;北海道;117;10;140.0616;42.7011;233;87;0;0;255
1;0;2;川湯;北海道;160;13;144.3901;43.6427;321;64;0;0;255
1;1;2;帯広;北海道;156;13;143.2137;42.9311;297;81;0;0;255
1;0;2;常呂;北海道;141;13;144.0712;44.1204;314;52;0;0;255
1;0;2;幌加内;北海道;125;12;142.1484;44.0071;275;55;0;0;255
1;1;1;幌加内中;北海道;125;12;142.1414;44.1160;275;52;0;0;255
1;1;1;幌加内北;北海道;125;12;142.1594;44.2803;275;48;0;0;255
1;1;1;幌加内南;北海道;125;12;142.1258;43.9994;275;55;0;0;255
1;1;1;幌延;北海道;135;12;142.0795;45.0167;274;30;0;0;255
1;0;2;幌毛志;北海道;150;11;142.2973;42.7275;278;86;0;0;255
1;0;2;平取;北海道;150;11;142.1310;42.5886;275;90;0;0;255
1;1;1;平取東;北海道;150;11;142.4054;42.7061;280;87;0;0;10
1;1;1;平取西;北海道;150;11;142.2296;42.7031;277;87;0;0;255
1;1;2;広尾;北海道;157;13;143.3120;42.2864;299;97;0;0;255
1;0;2;広島;北海道;102;10;141.5524;42.9925;263;80;0;0;255
1;1;2;弟子屈;北海道;160;13;144.4485;43.5077;322;67;0;0;255
1;1;1;当別;北海道;100;10;141.5836;43.4087;264;69;0;0;255
1;0;2;当別;北海道;100;10;141.5171;43.2237;262;74;0;0;255
1;0;2;愛別;北海道;126;12;142.5695;43.9090;284;57;0;0;255
1;0;2;戸井;北海道;106;11;141.0025;41.7162;252;111;0;0;255
1;0;2;支笏湖畔;北海道;102;10;141.4021;42.7755;260;85;0;0;255
1;0;2;斜里;北海道;140;13;144.6657;43.9136;326;57;0;0;255
1;1;1;斜里北;北海道;140;13;144.9935;44.0640;333;53;0;0;255
1;1;1;斜里南;北海道;140;13;144.8071;43.9269;329;57;0;0;255
1;0;1;新冠;北海道;151;11;142.5446;42.5977;283;89;0;0;255
1;0;2;新得;北海道;155;13;142.8395;43.0736;289;78;0;0;255
1;1;1;新得北;北海道;155;13;142.9448;43.3337;291;71;0;0;8
1;1;1;新得南;北海道;155;13;142.9176;43.1739;291;75;0;0;255
1;1;1;新篠津;北海道;100;10;141.6523;43.2204;265;74;0;0;255
1;0;2;日高;北海道;150;11;142.4484;42.8775;281;82;0;0;255
1;0;2;早来;北海道;146;11;141.8221;42.7655;269;85;0;0;255
1;1;2;旭川;北海道;126;12;142.3648;43.7726;280;61;0;0;255
1;0;2;月形;北海道;122;10;141.6635;43.3443;265;71;0;0;255
1;0;2;朝日;北海道;122;10;142.5952;44.1185;284;52;0;0;255
1;0;2;木古内;北海道;107;11;140.4334;41.6795;240;112;0;0;255
1;0;2;木間内;北海道;110;11;140.3695;41.9352;239;106;0;0;255
1;1;1;本別;北海道;156;13;143.6181;43.1211;305;77;0;0;255
1;0;2;本別;北海道;156;13;143.6183;43.1213;305;77;0;0;255
1;0;2;本別海;北海道;166;13;145.2840;43.3852;339;70;0;0;255
1;0;2;札幌;北海道;101;10;141.3513;43.1390;259;76;0;0;255
1;0;2;朱鞠内;北海道;125;12;142.1612;44.2806;275;48;0;0;255
1;1;2;東利尻;北海道;139;12;141.2170;45.2460;256;24;0;0;255
1;0;2;松前;北海道;107;11;140.1115;41.4339;234;118;0;0;255
1;0;2;枝幸;北海道;136;12;142.5744;44.9375;284;32;0;0;255
1;1;1;栗山;北海道;122;10;141.8063;43.0587;268;78;0;0;255
1;1;2;根室;北海道;167;13;145.6003;43.3327;345;71;0;0;255
1;0;2;森;北海道;106;11;140.5633;42.0963;243;102;0;0;255
1;0;2;椴法華;北海道;106;11;141.1411;41.8345;255;108;0;0;255
1;1;1;様似;北海道;152;11;142.9164;42.1330;291;101;0;0;255
1;0;2;様似;北海道;152;11;142.9353;42.1306;291;101;0;0;255
1;0;2;標津;北海道;165;13;145.1307;43.6619;336;63;0;0;255
1;1;1;標津北;北海道;165;13;145.0246;43.7850;334;60;0;0;2
1;1;1;標津南;北海道;165;13;144.9618;43.6772;332;63;0;0;255
1;0;2;標茶;北海道;161;13;144.5996;43.3033;325;72;0;0;255
1;1;1;標茶北;北海道;161;13;144.6279;43.3848;326;70;0;0;255
1;1;1;標茶南;北海道;161;13;144.6804;43.2139;327;74;0;0;255
1;0;2;歌登;北海道;136;12;142.4811;44.8417;282;34;0;0;255
1;1;1;歌登北;北海道;136;12;142.4868;44.8570;282;34;0;0;255
1;1;1;歌登南;北海道;136;12;142.6039;44.7433;284;37;0;0;255
1;0;2;正修;北海道;130;12;141.9653;44.5453;271;42;0;0;255
1;1;2;江別;北海道;101;10;141.5462;43.1161;263;77;0;0;255
1;0;2;江差;北海道;110;11;140.1270;41.8691;234;107;0;0;255
1;0;2;池田;北海道;156;13;143.4483;42.9283;302;81;0;0;255
1;0;2;沼川;北海道;135;12;141.8531;45.2525;269;24;0;0;255
1;1;1;沼田;北海道;120;10;141.9397;43.8203;271;59;0;0;255
1;0;2;沼田;北海道;120;10;141.9342;43.8007;271;60;0;0;255
1;1;1;泊;北海道;117;10;140.5017;43.0527;242;78;0;0;255
1;0;2;津別;北海道;140;13;144.0272;43.7055;313;62;0;0;255
1;1;1;浜中;北海道;161;13;145.1168;43.2084;336;74;0;0;255
1;0;2;浜中;北海道;161;13;145.1296;43.0767;336;78;0;0;255
1;0;2;浜益;北海道;100;10;141.3882;43.6015;260;65;0;0;255
1;1;1;浜頓別;北海道;136;12;142.4307;45.1001;281;28;0;0;255
1;0;2;浜頓別;北海道;136;12;142.3519;45.1266;279;27;0;0;255
1;0;2;浦幌;北海道;156;13;143.6588;42.8087;306;84;0;0;255
1;0;2;浦河;北海道;152;11;142.7673;42.1678;288;100;0;0;255
1;0;2;深川;北海道;120;10;142.0525;43.7243;273;62;0;0;255
1;1;1;深川北;北海道;120;10;142.1594;43.8243;275;59;0;0;255
1;1;1;深川南;北海道;120;10;142.0776;43.6948;274;62;0;0;255
1;1;1;清水;北海道;156;13;142.8830;42.8742;290;83;0;0;255
1;0;2;港町;北海道;131;12;141.6642;44.1486;265;51;0;0;255
1;0;2;湧別;北海道;142;13;143.6155;44.2199;305;50;0;0;255
1;1;1;湧別北;北海道;142;13;143.6202;44.2146;305;50;0;0;255
1;0;2;湯ノ岱;北海道;110;11;140.2512;41.7492;237;110;0;0;255
1;0;2;滝上;北海道;142;13;143.0774;44.1915;294;50;0;0;255
1;1;1;滝上北;北海道;142;13;143.0767;44.1920;294;50;0;0;1
1;1;1;滝上南;北海道;142;13;143.0111;44.1146;293;52;0;0;255
1;0;2;滝川;北海道;121;10;141.9175;43.5524;270;66;0;0;255
1;0;2;瀬棚;北海道;110;11;139.8537;42.4502;228;93;0;0;255
1;1;1;熊石;北海道;105;11;140.0040;42.1344;232;101;0;0;255
1;0;2;熊石;北海道;105;11;139.9815;42.1297;231;101;0;0;255
1;0;2;猿払;北海道;135;12;142.1077;45.3299;274;22;0;0;255
1;1;1;猿払北;北海道;135;12;142.1185;45.3346;275;22;0;0;255
1;1;1;猿払南;北海道;135;12;142.2254;45.2163;277;25;0;0;255
1;0;2;生花;北海道;157;13;143.4209;42.6181;301;89;0;0;255
1;0;2;由仁;北海道;122;10;141.7904;42.9986;268;80;0;0;255
1;0;2;留萌;北海道;131;12;141.6370;43.9407;265;56;0;0;255
1;1;1;留辺蘂;北海道;141;13;143.4514;43.7419;302;61;0;0;255
1;0;2;留辺蘂;北海道;141;13;143.6072;43.7849;305;60;0;0;255
1;0;2;登別;北海道;146;11;141.0814;42.4211;253;94;0;0;255
1;1;1;白滝;北海道;142;13;143.0861;43.8494;294;59;0;0;255
1;0;2;白滝;北海道;142;13;143.1747;43.8785;296;58;0;0;255
1;0;2;白糠;北海道;161;13;144.0697;42.9581;314;81;0;0;255
1;1;1;白糠北;北海道;161;13;143.8936;43.1603;311;76;0;0;4
1;1;1;白糠南;北海道;161;13;143.9841;42.9856;313;80;0;0;255
1;1;1;白老;北海道;146;11;141.3497;42.5629;259;90;0;0;255
1;0;2;白老;北海道;146;11;141.3499;42.5627;259;90;0;0;255
1;0;2;目黒;北海道;152;11;143.3153;42.1287;299;101;0;0;255
1;0;2;直別;北海道;161;13;143.8579;42.8542;310;83;0;0;255
1;0;2;相泊;北海道;165;13;145.2478;44.1060;338;52;0;0;255
1;1;1;真狩;北海道;116;10;140.8084;42.7630;248;85;0;0;255
1;1;1;知内;北海道;107;11;140.4207;41.5977;240;114;0;0;255
1;0;2;石狩;北海道;100;10;141.3046;43.1721;258;75;0;0;255
1;1;1;砂川;北海道;121;10;141.9090;43.5138;270;67;0;0;255
1;1;2;礼文;北海道;139;12;141.0475;45.3049;253;23;0;0;255
1;0;2;神恵内;北海道;117;10;140.4355;43.1449;240;76;0;0;255
1;0;2;福島;北海道;107;11;140.2470;41.4862;236;117;0;0;255
1;1;2;稚内;北海道;135;12;141.6720;45.4163;265;20;0;0;255
1;1;1;稚内北;北海道;135;12;141.8850;45.4883;270;18;0;0;255
1;1;1;稚内東;北海道;135;12;141.8806;45.2303;270;25;0;0;255
1;1;1;稚内西;北海道;135;12;141.6334;45.2531;265;24;0;0;255
1;0;2;稲穂;北海道;119;11;139.5520;42.2397;222;98;0;0;255
1;1;1;穂別;北海道;146;11;142.1285;42.8714;275;83;0;0;255
1;0;2;穂別;北海道;146;11;142.1346;42.7608;275;85;0;0;255
1;0;2;積丹;北海道;115;10;140.6014;43.2921;244;72;0;0;255
1;0;2;糠平;北海道;155;13;143.3049;43.3191;299;72;0;0;255
1;0;2;紋別;北海道;142;13;143.3538;44.3557;300;46;0;0;255
1;0;2;納沙布;北海道;167;13;145.8026;43.3680;350;70;0;0;255
1;0;2;網走;北海道;140;13;144.2729;44.0201;318;54;0;0;255
1;0;2;置戸;北海道;141;13;143.5780;43.6707;304;63;0;0;255
1;1;1;置戸東;北海道;141;13;143.5100;43.6352;303;64;0;0;5
1;0;2;羅臼;北海道;165;13;145.1886;44.0202;337;54;0;0;255
1;0;2;美唄;北海道;122;10;141.8553;43.3332;269;71;0;0;255
1;1;1;美幌;北海道;140;13;144.1835;43.7228;317;62;0;0;255
1;0;2;美幌;北海道;140;13;144.1087;43.8244;315;59;0;0;255
1;0;2;美深;北海道;125;12;142.3427;44.4806;279;43;0;0;255
1;1;1;美深北;北海道;125;12;142.3036;44.5973;278;40;0;0;255
1;1;1;美深東;北海道;125;12;142.5736;44.5509;284;41;0;0;255
1;1;1;美深西;北海道;125;12;142.2725;44.4732;278;43;0;0;255
1;0;2;美瑛;北海道;126;12;142.4675;43.5885;282;65;0;0;255
1;1;1;美瑛東;北海道;126;12;142.6006;43.5038;284;67;0;0;7
1;1;1;美瑛西;北海道;126;12;142.3906;43.5113;280;67;0;0;255
1;1;2;羽幌;北海道;130;12;141.6978;44.3611;266;46;0;0;255
1;0;2;興部;北海道;142;13;143.1277;44.4796;295;43;0;0;255
1;1;1;興部東;北海道;142;13;143.2407;44.3843;297;46;0;0;255
1;1;1;興部西;北海道;142;13;143.0264;44.4234;293;45;0;0;255
1;0;2;船泊;北海道;139;12;141.0367;45.4408;253;20;0;0;255
1;0;2;芦別;北海道;121;10;142.1914;43.5199;276;67;0;0;255
1;1;1;芽室;北海道;156;13;143.0603;42.8920;294;82;0;0;255
1;0;2;苫小牧;北海道;146;11;141.6057;42.6344;264;88;0;0;255
1;0;2;落石;北海道;167;13;145.5209;43.1948;344;75;0;0;255
1;0;2;薫別;北海道;165;13;145.0565;43.7938;334;60;0;0;255
1;1;1;蘭越;北海道;117;10;140.4831;42.8309;241;84;0;0;12
1;0;2;蘭越;北海道;117;10;140.5302;42.8051;242;84;0;0;255
1;0;2;西興部;北海道;142;13;142.9447;44.3287;291;47;0;0;255
1;1;1;豊富;北海道;135;12;141.7834;45.1019;268;28;0;0;255
1;0;2;豊富;北海道;135;12;141.7667;45.1030;267;28;0;0;255
1;1;1;豊浦;北海道;145;11;140.6650;42.6415;245;88;0;0;255
1;0;2;豊浦;北海道;145;11;140.6436;42.5894;245;90;0;0;255
1;1;1;豊頃;北海道;156;13;143.5203;42.8114;303;84;0;0;255
1;1;1;赤井川;北海道;115;10;140.8199;43.0842;248;77;0;0;255
1;0;2;赤井川;北海道;115;10;140.8200;43.0846;248;77;0;0;255
1;0;2;足寄;北海道;155;13;143.5544;43.2436;304;74;0;0;255
1;1;1;足寄東;北海道;155;13;143.8983;43.3822;311;70;0;0;255
1;1;1;足寄西;北海道;155;13;143.4317;43.2708;301;73;0;0;255
1;0;2;農屋;北海道;151;11;142.4992;42.4194;282;94;0;0;255
0;1;1;追分;北海道;151;11;141.8191;42.8739;268;83;0;0;255
1;1;2;追分;北海道;146;11;141.8204;42.8741;268;83;0;0;255
1;0;2;達布;北海道;131;12;141.8573;44.0489;269;54;0;0;255
1;1;1;遠別;北海道;130;12;141.8187;44.6359;268;39;0;0;255
1;0;2;遠別;北海道;130;12;141.8284;44.7195;269;37;0;0;255
1;0;2;遠軽;北海道;142;13;143.5336;44.0921;303;53;0;0;255
1;1;2;釧路;北海道;161;13;144.3824;42.9845;321;80;0;0;255
1;0;2;長万部;北海道;105;11;140.3539;42.4944;239;92;0;0;255
1;0;2;門別;北海道;150;11;142.0543;42.4825;273;92;0;0;255
1;1;1;門別東;北海道;150;11;142.3521;42.5934;279;89;0;0;255
1;1;1;門別西;北海道;150;11;142.0381;42.5126;273;91;0;0;255
1;0;2;阿寒;北海道;161;13;144.1230;43.1141;315;77;0;0;255
1;1;1;阿寒北;北海道;161;13;144.0844;43.4361;315;69;0;0;255
1;1;1;阿寒南;北海道;161;13;144.1230;43.1142;315;77;0;0;255
1;0;2;阿寒湖畔;北海道;161;13;144.0855;43.4369;315;69;0;0;255
1;1;1;陸別;北海道;155;13;143.6830;43.4683;306;68;0;0;255
1;0;2;陸別;北海道;155;13;143.7483;43.4716;308;68;0;0;255
1;1;2;雄冬;北海道;131;12;141.3685;43.7735;259;61;0;0;255
1;1;1;雄武;北海道;142;13;142.8444;44.5276;289;42;0;0;0
1;0;2;雄武;北海道;142;13;142.9644;44.5820;292;41;0;0;255
1;1;2;青苗;北海道;119;11;139.4515;42.0661;220;102;0;0;255
1;1;1;静内;北海道;151;11;142.3572;42.3498;279;95;0;0;255
1;0;2;静内;北海道;151;11;142.3688;42.3414;280;96;0;0;255
1;1;1;音威子府;北海道;125;12;142.2542;44.7745;277;36;0;0;255
1;0;2;音威子府;北海道;125;12;142.2636;44.7284;278;37;0;0;255
1;0;2;風烈布;北海道;136;12;142.7633;44.7406;288;37;0;0;255
1;0;2;鵡川;北海道;146;11;141.9279;42.5750;271;90;0;0;255
1;0;2;鶴居;北海道;161;13;144.3248;43.2330;319;74;0;0;255
1;1;1;鶴居南;北海道;161;13;144.3274;43.1359;320;76;0;0;255
1;1;1;鶴居東;北海道;161;13;144.4285;43.2200;322;74;0;0;255
1;1;1;鶴居西;北海道;161;13;144.2338;43.2556;318;73;0;0;3
1;1;2;鹿部;北海道;106;11;140.8064;42.0436;248;103;0;0;255
1;1;1;黒松内;北海道;117;10;140.4841;42.6104;241;89;0;0;255
1;0;2;黒松内;北海道;117;10;140.3049;42.6679;238;88;0;0;255
1;1;1;下総;千葉県;341;34;140.0206;35.7966;232;256;-1;-1;255
1;1;2;佐倉;千葉県;341;34;140.2267;35.7234;236;258;0;0;255
1;1;2;佐原;千葉県;340;34;140.4905;35.9007;241;254;0;0;255
1;1;2;八日市場;千葉県;340;34;140.5680;35.7077;243;258;1;0;255
0;0;0;勝浦;千葉県;342;34;140.3222;35.1577;238;272;0;0;255
1;1;2;勝浦北;千葉県;342;34;140.2655;35.1810;237;271;-1;1;255
1;1;1;勝浦東;千葉県;342;34;140.3398;35.1714;238;272;0;0;255
1;1;1;匝瑳;千葉県;340;34;140.5046;35.7215;242;258;0;-1;255
1;1;2;千倉;千葉県;342;34;139.9459;34.9707;230;277;1;-1;255
1;1;1;千葉;千葉県;341;34;140.2417;35.5458;236;262;0;0;255
1;1;2;千葉;千葉県;341;34;140.1022;35.6082;234;261;0;0;255
1;1;2;姉崎;千葉県;341;34;140.0489;35.4769;232;264;0;0;255
1;1;1;富津;千葉県;342;34;139.8554;35.3445;229;267;-1;-1;255
1;1;2;富津;千葉県;342;34;139.8598;35.3083;229;268;0;1;255
1;1;2;岬;千葉県;342;34;140.3867;35.2999;239;268;0;0;255
1;1;2;市場;千葉県;342;34;140.0755;35.2988;233;268;0;0;255
1;1;2;市川北;千葉県;341;34;139.9665;35.7660;231;257;1;1;255
1;1;1;成田;千葉県;341;34;140.2980;35.8307;238;255;0;0;255
1;1;2;成田;千葉県;341;34;140.3067;35.7801;238;257;0;0;255
1;1;2;木更津;千葉県;342;34;139.9159;35.3738;230;267;1;0;255
0;0;2;木更津市役所;千葉県;342;34;139.9151;35.3766;230;267;0;0;255
1;1;2;東金;千葉県;340;34;140.3333;35.5727;238;262;0;0;255
1;1;2;松戸;千葉県;341;34;139.9031;35.7868;229;256;0;0;255
1;1;2;浦安;千葉県;341;34;139.9023;35.6537;229;260;1;1;255
1;1;2;白井;千葉県;341;34;140.0564;35.7943;233;256;1;0;255
1;1;2;白浜;千葉県;342;34;139.8979;34.9083;229;278;0;1;255
1;1;2;稲毛;千葉県;341;34;140.0784;35.6335;233;260;-1;-1;255
1;1;2;茂原;千葉県;340;34;140.2905;35.4327;237;265;0;0;255
1;1;1;蓮沼;千葉県;340;34;140.5107;35.5943;242;261;0;0;255
1;0;2;蓮沼;千葉県;340;34;140.4971;35.5877;242;261;0;0;255
0;1;2;行徳;千葉県;341;34;139.9176;35.6947;230;259;0;1;255
1;1;2;野田;千葉県;341;34;139.8733;35.9595;229;252;0;0;255
1;1;2;銚子;千葉県;340;34;140.8300;35.7358;248;258;0;0;255
1;0;1;銚子中;千葉県;340;34;140.8230;35.7342;248;258;0;0;255
1;0;2;鋸南;千葉県;342;34;139.8351;35.1105;228;273;0;0;255
1;1;2;長南;千葉県;340;34;140.2370;35.3872;236;266;-1;1;255
1;1;1;養老;千葉県;341;34;140.1529;35.2867;235;269;0;0;39
0;0;2;館山;千葉県;342;34;139.8449;34.9741;228;276;0;0;255
1;1;1;館山西;千葉県;342;34;139.7885;34.9591;227;277;0;0;255
1;1;1;鴨川;千葉県;342;34;139.9649;35.1384;231;272;0;0;255
1;1;2;鴨川;千葉県;342;34;140.1022;35.1155;234;273;1;-1;255
1;1;1;鴨川南;千葉県;342;34;140.0997;35.0882;233;274;0;0;38
1;1;1;すさみ;和歌山県;551;55;135.5454;33.5559;141;311;0;0;255
1;0;2;すさみ;和歌山県;551;55;135.4972;33.5503;140;311;0;0;255
1;1;1;上富田;和歌山県;551;55;135.4396;33.6894;139;308;0;0;255
1;0;2;串本;和歌山県;551;55;135.7835;33.4720;146;313;0;0;255
1;1;1;印南;和歌山県;550;55;135.2172;33.8248;134;305;0;0;61
1;1;1;和歌山;和歌山県;550;55;135.0714;34.2868;131;293;0;0;255
1;1;2;和歌山;和歌山県;550;55;135.1694;34.2288;133;295;0;0;255
1;1;1;大塔;和歌山県;551;55;135.5953;33.6948;142;308;0;0;255
1;0;2;太地;和歌山県;551;55;135.9460;33.5947;149;310;0;0;255
1;1;1;広川;和歌山県;550;55;135.2122;33.9804;134;301;0;0;255
1;0;2;御坊;和歌山県;550;55;135.1524;33.8908;133;303;0;0;255
1;0;2;新宮;和歌山県;551;55;135.9813;33.7209;150;307;0;0;255
1;1;2;有田;和歌山県;550;55;135.1160;34.0996;132;298;0;0;255
1;0;2;木守;和歌山県;551;55;135.6397;33.7053;143;308;0;0;255
1;0;2;本宮;和歌山県;551;55;135.7735;33.8375;145;304;0;0;255
1;0;2;清水;和歌山県;550;55;135.4309;34.0841;138;298;0;0;255
1;0;2;田辺;和歌山県;551;55;135.3772;33.7289;137;307;0;0;255
1;1;1;花園;和歌山県;550;55;135.5369;34.1373;141;297;0;0;255
1;1;1;那智勝浦;和歌山県;551;55;135.8619;33.6072;147;310;0;0;60
1;1;1;那賀;和歌山県;550;55;135.4483;34.3228;139;292;0;0;62
1;0;2;那賀;和歌山県;550;55;135.4305;34.2755;138;294;0;0;255
1;1;1;野上;和歌山県;550;55;135.3244;34.1314;136;297;0;0;255
1;0;2;高野;和歌山県;550;55;135.5860;34.2160;142;295;0;0;255
1;0;2;龍神;和歌山県;551;55;135.4883;33.8938;140;303;0;0;255
1;1;2;中津川;埼玉県;332;33;138.8010;35.9954;207;251;0;0;255
1;1;2;久喜;埼玉県;330;33;139.6968;36.0720;225;249;0;0;255
1;1;1;名栗;埼玉県;331;33;139.1485;35.9118;214;253;0;0;255
1;1;2;大宮;埼玉県;331;33;139.6481;35.9065;224;254;0;0;255
1;1;2;小川;埼玉県;330;33;139.2626;36.0562;216;250;0;0;255
1;1;1;小鹿野;埼玉県;332;33;138.9691;36.0274;210;251;0;0;255
1;1;1;岩槻;埼玉県;331;33;139.7349;35.9290;226;253;0;1;255
1;1;2;川口;埼玉県;331;33;139.7212;35.8098;226;256;0;0;255
1;1;1;川本;埼玉県;330;33;139.2894;36.1131;217;248;0;0;255
1;1;2;川越;埼玉県;331;33;139.4826;35.9034;221;254;0;-1;255
1;1;1;所沢;埼玉県;331;33;139.5353;35.8028;222;256;1;0;255
1;1;2;所沢;埼玉県;331;33;139.4659;35.7965;221;256;-1;0;255
1;1;1;日高;埼玉県;331;33;139.3843;35.8990;219;254;0;-1;255
1;1;2;春日部;埼玉県;331;33;139.7526;35.9745;226;252;1;-1;255
1;1;2;本庄;埼玉県;330;33;139.1937;36.2428;215;245;0;1;255
1;1;2;東松山;埼玉県;330;33;139.3912;36.0540;219;250;0;0;255
1;1;2;熊谷;埼玉県;330;33;139.3884;36.1476;219;248;0;0;255
1;1;1;皆野;埼玉県;332;33;139.0993;36.0715;213;250;0;0;255
1;1;1;神泉;埼玉県;330;33;139.0504;36.1509;212;248;0;0;255
1;1;2;秩父;埼玉県;332;33;139.0709;35.9954;213;251;-1;1;255
0;1;1;都幾川;埼玉県;330;33;139.2191;35.9964;216;251;0;0;255
1;1;2;長瀞;埼玉県;332;33;139.1045;36.1179;213;248;1;0;255
1;1;1;飯能;埼玉県;331;33;139.2726;35.8637;217;255;0;-1;255
1;1;2;飯能;埼玉県;331;33;139.3215;35.8401;218;255;1;1;255
1;1;1;三重;大分県;752;75;131.5881;32.9870;60;325;0;0;255
1;0;2;中津;大分県;750;75;131.2678;33.5685;54;311;0;0;255
1;1;1;九重;大分県;753;75;131.2118;33.2844;53;318;0;0;88
1;1;1;佐伯;大分県;752;75;131.8695;32.9278;66;327;0;0;255
1;0;2;佐伯;大分県;752;75;131.9028;32.9747;67;326;0;0;255
1;1;2;佐賀関;大分県;751;75;131.8811;33.2461;66;319;0;0;255
1;0;2;国東;大分県;750;75;131.7378;33.5666;63;311;0;0;255
1;1;2;国見;大分県;750;75;131.5936;33.6783;60;308;0;0;255
1;1;2;大分;大分県;751;75;131.6103;33.2478;61;319;0;0;255
1;0;2;天瀬;大分県;753;75;131.0203;33.2555;49;319;0;0;255
1;0;2;宇目;大分県;752;75;131.6587;32.8578;62;328;0;0;255
1;1;1;宇目東;大分県;752;75;131.6786;32.8486;62;329;0;0;89
1;1;1;宇目西;大分県;752;75;131.5357;32.8392;59;329;0;0;255
1;1;1;安岐;大分県;750;75;131.6856;33.4736;62;313;0;0;87
1;1;1;山国;大分県;750;75;131.0326;33.4122;49;315;0;0;255
1;1;1;山香;大分県;751;75;131.4429;33.4581;57;314;0;0;255
1;1;1;庄内;大分県;751;75;131.3473;33.1306;55;322;0;0;255
1;0;2;杵築;大分県;751;75;131.6148;33.4152;61;315;0;0;255
1;0;2;津久見;大分県;751;75;131.8589;33.0656;66;323;0;0;255
1;0;2;湯布院;大分県;751;75;131.3439;33.2569;55;319;0;0;255
1;0;2;犬飼;大分県;752;75;131.5934;33.0726;60;323;0;0;255
1;0;2;直入;大分県;753;75;131.3734;33.0664;56;323;0;0;255
1;1;1;竹田;大分県;753;75;131.3984;32.9726;56;326;0;0;255
1;0;2;竹田;大分県;753;75;131.3970;32.9722;56;326;0;0;255
1;0;2;耶馬渓;大分県;750;75;131.1142;33.4549;51;314;0;0;255
1;1;2;蒲江;大分県;752;75;131.9251;32.7972;67;330;0;0;255
1;0;2;豊後高田;大分県;750;75;131.4461;33.5575;57;311;0;0;255
1;1;1;野津原;大分県;751;75;131.5420;33.1525;59;321;0;0;255
1;0;2;院内;大分県;750;75;131.3148;33.4244;55;314;0;0;255
1;1;1;交野;大阪府;520;52;135.7052;34.7630;144;282;0;0;255
1;0;2;四條畷;大阪府;520;52;135.6394;34.7405;143;282;0;0;255
1;1;2;堺;大阪府;521;52;135.4710;34.5894;139;286;0;0;255
1;1;1;大阪;大阪府;520;52;135.5199;34.7159;140;283;0;0;255
1;0;2;大阪;大阪府;520;52;135.5099;34.7255;140;283;0;0;255
1;1;1;太子;大阪府;521;52;135.6608;34.5248;143;287;0;0;255
1;0;2;岸和田;大阪府;521;52;135.3917;34.4402;138;290;0;0;255
1;1;1;此花;大阪府;520;52;135.3896;34.6628;138;284;0;0;58
1;0;2;河内長野;大阪府;521;52;135.5816;34.4366;142;290;0;0;255
1;0;2;泉南;大阪府;521;52;135.2549;34.3755;135;291;0;0;255
1;1;1;田尻;大阪府;521;52;135.2836;34.3977;135;291;0;0;255
1;0;2;羽曳野;大阪府;521;52;135.6058;34.5577;142;287;0;0;255
1;0;2;能勢;大阪府;520;52;135.3900;34.9707;138;277;0;0;255
1;0;2;豊中;大阪府;520;52;135.4683;34.7668;139;282;0;0;255
1;0;2;高槻;大阪府;520;52;135.5958;34.8573;142;279;0;0;255
1;0;2;上北山;奈良県;540;54;136.0046;34.1352;150;297;0;0;255
1;0;2;五條;奈良県;540;54;135.6883;34.3408;144;292;0;0;255
1;0;2;十津川;奈良県;540;54;135.7552;33.9380;145;302;0;0;255
1;1;1;十津川東;奈良県;540;54;135.8574;33.9692;147;301;0;0;59
1;1;1;十津川西;奈良県;540;54;135.6489;33.9666;143;301;0;0;255
1;0;2;大和高田;奈良県;540;54;135.7191;34.5169;144;288;0;0;255
1;0;2;大塔;奈良県;540;54;135.7369;34.2213;145;295;0;0;255
1;1;1;天理;奈良県;540;54;135.8541;34.5843;147;286;0;0;255
1;1;2;奈良;奈良県;540;54;135.8352;34.6683;147;284;0;0;255
1;1;1;山添;奈良県;540;54;136.0512;34.6413;151;285;-1;0;255
1;1;1;川上;奈良県;540;54;136.0022;34.2925;150;293;0;0;255
1;0;2;川上;奈良県;540;54;135.9541;34.3383;149;292;0;0;255
1;1;1;東吉野;奈良県;540;54;136.0294;34.4237;151;290;0;0;255
1;0;2;榛原;奈良県;540;54;135.9512;34.5280;149;287;0;0;255
1;0;2;生駒;奈良県;540;54;135.7272;34.7154;145;283;0;0;255
1;1;1;黒滝;奈良県;540;54;135.8369;34.3061;147;293;0;0;255
0;0;1;仙台;宮城県;222;22;140.9969;38.2400;252;196;0;0;255
1;1;2;仙台;宮城県;222;22;140.9293;38.2663;250;196;0;0;255
1;0;2;伊里前;宮城県;220;22;141.5228;38.7194;262;185;0;0;255
1;0;2;作並;宮城県;222;22;140.6357;38.3177;244;194;0;0;255
1;1;1;利府;宮城県;222;22;140.9551;38.3400;251;194;0;0;255
1;0;2;北上;宮城県;222;22;141.4266;38.5676;260;188;0;0;255
1;1;1;南三陸;宮城県;220;22;141.4176;38.6993;260;185;-1;0;255
1;0;2;古川;宮城県;220;22;140.9654;38.5801;251;188;0;0;255
1;1;1;唐桑;宮城県;220;22;141.6377;38.9207;265;180;0;0;255
1;0;2;塩竈;宮城県;222;22;141.0128;38.3288;252;194;0;0;255
1;1;2;大和;宮城県;222;22;140.8874;38.4466;250;191;0;0;255
1;1;1;小野田;宮城県;220;22;140.7804;38.5793;247;188;0;0;255
1;1;1;山元;宮城県;221;22;140.8924;37.9411;250;204;0;0;255
1;1;1;岩沼;宮城県;221;22;140.8441;38.1133;249;199;0;0;255
1;0;2;岩沼;宮城県;221;22;140.8699;38.1049;249;200;0;0;255
1;1;1;川崎;宮城県;221;22;140.6405;38.1802;244;198;0;0;255
0;0;1;志津川;宮城県;220;22;141.4428;38.6416;261;186;0;0;255
1;1;1;東和;宮城県;220;22;141.3254;38.7860;258;183;0;0;255
1;0;2;東和;宮城県;220;22;141.3106;38.7348;258;184;0;0;255
1;1;2;歌津;宮城県;220;22;141.5109;38.7262;262;184;0;0;255
1;0;2;気仙沼;宮城県;220;22;141.5684;38.9015;263;180;0;0;255
1;1;1;河北;宮城県;222;22;141.3421;38.5158;259;190;0;0;255
1;1;2;牡鹿;宮城県;222;22;141.5044;38.3052;262;195;0;0;255
1;1;1;田尻;宮城県;220;22;141.0710;38.5907;253;188;0;0;24
1;1;1;白石;宮城県;221;22;140.6027;38.0091;244;202;0;0;25
1;0;2;白石;宮城県;221;22;140.6210;38.0085;244;202;0;0;255
1;1;2;石巻;宮城県;222;22;141.2818;38.4292;258;192;0;0;255
1;1;2;築館;宮城県;220;22;141.0271;38.7324;252;184;0;0;255
1;0;2;角田;宮城県;221;22;140.7818;37.9763;247;203;0;0;255
1;0;2;豊里;宮城県;220;22;141.2510;38.5876;257;188;0;0;255
1;1;1;鳴子;宮城県;220;22;140.6513;38.8587;245;181;0;0;255
1;1;2;鳴子;宮城県;220;22;140.6507;38.7992;245;183;0;0;255
1;0;2;鳴子温泉;宮城県;220;22;140.7246;38.7508;246;184;0;0;255
1;0;2;えびの;宮崎県;763;76;130.8110;32.0461;44;348;0;0;255
1;0;2;串間;宮崎県;762;76;131.2277;31.4637;53;363;0;0;255
1;1;1;五ヶ瀬;宮崎県;761;76;131.2257;32.6536;53;333;0;0;94
1;1;1;佐土原;宮崎県;762;76;131.4700;32.0208;58;349;0;0;255
1;1;1;北川;宮崎県;760;76;131.6829;32.6972;62;332;0;0;255
1;0;2;北川;宮崎県;760;76;131.6831;32.6978;62;332;0;0;255
1;0;2;北郷;宮崎県;761;76;131.4444;32.5006;57;337;0;0;255
1;1;1;南郷;宮崎県;761;76;131.2668;32.3470;54;341;0;0;255
1;0;2;南郷;宮崎県;761;76;131.3339;32.3889;55;340;0;0;255
1;1;1;国富;宮崎県;762;76;131.2900;32.0215;54;349;0;0;255
1;1;2;宮崎;宮崎県;762;76;131.4187;31.9087;57;352;0;0;255
1;0;2;小林;宮崎県;763;76;130.9721;31.9968;48;349;0;0;255
1;1;1;川南;宮崎県;760;76;131.5309;32.2132;59;344;0;0;255
1;1;1;延岡;宮崎県;760;76;131.6958;32.5060;62;337;0;0;97
1;0;2;延岡;宮崎県;760;76;131.6598;32.5659;62;336;0;0;255
1;1;1;日南;宮崎県;762;76;131.3510;31.5649;55;360;0;0;255
1;0;2;日南;宮崎県;762;76;131.3743;31.6129;56;359;0;0;255
1;1;1;日向;宮崎県;760;76;131.5893;32.3654;60;340;0;0;255
1;0;2;日向;宮崎県;760;76;131.6003;32.4281;61;339;0;0;255
1;1;1;東郷;宮崎県;760;76;131.4643;32.3607;58;341;0;0;255
1;1;1;椎葉;宮崎県;761;76;131.1043;32.4754;50;338;0;0;255
1;0;2;椎葉;宮崎県;761;76;131.1470;32.4550;51;338;0;0;255
1;0;2;田野;宮崎県;762;76;131.3026;31.8454;54;353;0;0;255
1;0;2;綾;宮崎県;762;76;131.2557;31.9951;54;350;0;0;255
1;1;1;西米良;宮崎県;761;76;131.1946;32.1987;52;345;0;0;255
1;0;2;西米良;宮崎県;761;76;131.1158;32.2353;51;344;0;0;255
1;0;2;西都;宮崎県;760;76;131.3928;32.1060;56;347;0;0;255
1;1;1;諸塚;宮崎県;761;76;131.3349;32.5181;55;337;0;0;255
1;1;2;都井岬;宮崎県;762;76;131.3052;31.3985;55;364;0;0;255
1;1;2;都城;宮崎県;763;76;131.0621;31.7185;50;356;0;0;255
1;1;1;都城北;宮崎県;763;76;130.9454;31.8643;47;353;0;0;255
1;0;1;都城南;宮崎県;763;76;131.0791;31.7301;50;356;0;0;255
1;0;2;都農;宮崎県;760;76;131.5609;32.2565;60;343;0;0;255
1;1;1;須木;宮崎県;763;76;131.0618;32.0421;50;348;0;0;255
1;0;2;高千穂;宮崎県;761;76;131.3089;32.7050;55;332;0;0;255
1;0;2;高崎;宮崎県;763;76;131.0685;31.8723;50;353;0;0;255
1;1;1;井波;富山県;381;38;136.9584;36.5736;170;237;0;0;255
1;1;1;八尾;富山県;380;38;137.1595;36.5711;174;237;0;0;255
1;0;2;八尾;富山県;380;38;137.1406;36.5864;173;237;0;0;255
1;1;1;利賀;富山県;381;38;137.0392;36.4406;171;240;0;0;255
1;0;2;利賀;富山県;381;38;137.0353;36.4411;171;240;0;0;255
1;0;2;境;富山県;380;38;137.6257;36.9760;183;227;0;0;255
1;0;2;大山;富山県;380;38;137.2831;36.6086;176;236;0;0;255
1;1;1;大門;富山県;381;38;137.0378;36.7142;171;234;0;1;255
1;0;2;宇奈月;富山県;380;38;137.5274;36.8624;181;230;0;0;255
1;1;1;富山;富山県;380;38;137.2627;36.7294;176;233;0;0;255
1;1;2;富山;富山県;380;38;137.2123;36.6687;175;235;0;0;255
1;0;2;小矢部;富山県;381;38;136.8970;36.6716;168;235;0;0;255
1;0;2;新湊;富山県;381;38;137.0803;36.7824;172;232;0;0;255
1;1;1;氷見;富山県;381;38;136.9276;36.8866;169;230;-1;0;255
1;1;2;氷見;富山県;381;38;136.9747;36.8660;170;230;1;0;255
1;0;2;福光;富山県;381;38;136.8872;36.5600;168;238;0;0;255
1;0;2;芦弁;富山県;380;38;137.3850;36.5781;178;237;0;0;255
1;1;1;魚津;富山県;380;38;137.4689;36.7914;180;232;0;0;255
1;0;2;魚津;富山県;380;38;137.4192;36.8163;179;231;0;0;255
1;1;1;むつみ;山口県;700;70;131.6329;34.4837;61;288;0;0;255
1;1;1;上関;山口県;703;70;132.1040;33.8260;71;305;0;0;255
1;0;2;上関;山口県;703;70;132.1204;33.8455;71;304;0;0;255
1;0;2;下関;山口県;702;70;131.0214;34.0643;49;299;0;0;255
1;1;1;周東;山口県;703;70;132.0626;34.0270;70;300;0;0;255
1;1;1;宇部;山口県;702;70;131.3012;33.9893;54;301;0;0;255
1;0;2;宇部;山口県;702;70;131.2181;33.9941;53;300;0;0;255
1;1;2;山口;山口県;704;70;131.4042;34.0121;57;300;0;0;255
1;1;1;岩国;山口県;703;70;132.1260;34.1891;71;296;0;0;255
1;0;2;岩国;山口県;703;70;132.1766;34.1699;72;296;0;0;255
1;1;1;徳地;山口県;704;70;131.6859;34.2091;62;295;0;0;255
1;1;1;徳山;山口県;704;70;131.8149;33.9725;65;301;0;0;255
1;0;2;徳山;山口県;704;70;131.8077;34.0544;65;299;0;0;255
1;1;1;東和;山口県;703;70;132.4046;33.9291;77;302;0;0;255
1;1;2;東和;山口県;703;70;132.3561;33.9091;76;303;-1;0;255
1;0;2;柳井;山口県;703;70;132.1011;33.9649;71;301;0;0;255
1;0;2;玖珂;山口県;703;70;132.0758;34.0966;70;298;0;0;255
1;0;2;生雲中;山口県;704;70;131.6002;34.3829;61;291;0;0;255
1;1;1;田万川;山口県;700;70;131.6681;34.6257;62;285;0;0;255
1;1;1;美川;山口県;703;70;131.9943;34.1974;69;295;0;0;80
1;0;2;美川;山口県;703;70;131.9822;34.2304;68;295;0;0;255
1;1;1;美東;山口県;700;70;131.3597;34.2176;56;295;0;0;255
1;1;1;美祢;山口県;700;70;131.1434;34.1111;51;298;0;0;255
1;0;2;美祢;山口県;700;70;131.2064;34.1657;53;296;0;0;255
1;1;1;菊川;山口県;702;70;131.0506;34.1149;49;298;0;0;255
1;1;1;萩;山口県;700;70;131.3774;34.3979;56;291;0;0;255
1;0;2;萩;山口県;700;70;131.3987;34.4073;56;290;0;0;255
1;1;2;豊北;山口県;702;70;130.9484;34.2904;47;293;0;0;255
1;1;1;豊浦;山口県;702;70;130.9323;34.1349;47;297;0;0;85
1;0;2;豊浦;山口県;702;70;130.9298;34.1490;47;297;0;0;255
1;1;1;長門;山口県;700;70;131.1770;34.3408;52;292;0;0;255
1;0;2;長門;山口県;700;70;131.1820;34.3709;52;291;0;0;255
1;1;1;防府;山口県;704;70;131.5618;34.0494;60;299;0;0;255
1;0;2;防府;山口県;704;70;131.5348;34.0310;59;300;0;0;84
1;0;2;須佐;山口県;700;70;131.6019;34.6173;61;285;0;0;255
1;0;2;鹿野;山口県;704;70;131.8169;34.2319;65;295;0;0;255
1;1;1;上山;山形県;242;24;140.2978;38.0813;238;200;0;0;255
1;0;2;上山;山形県;242;24;140.2674;38.1502;237;198;0;0;255
1;0;2;下屋地;山形県;243;24;139.8697;37.9207;229;204;0;0;255
1;0;2;中村;山形県;242;24;139.9921;38.3856;231;193;0;0;255
1;1;1;八幡;山形県;240;24;140.0333;38.9701;232;178;0;0;255
1;1;1;南陽;山形県;243;24;140.1553;38.1035;235;200;0;0;255
1;1;1;天童;山形県;242;24;140.3805;38.3841;239;193;0;0;255
1;0;2;寒河江;山形県;242;24;140.2743;38.3898;237;193;0;0;255
1;1;1;小国;山形県;243;24;139.8017;37.9883;227;202;0;1;255
1;1;2;小国;山形県;243;24;139.7575;38.0621;227;201;0;-1;255
1;0;2;尾花沢;山形県;242;24;140.4054;38.6001;240;187;0;0;255
1;1;1;山形;山形県;242;24;140.2583;38.2693;237;196;0;0;255
1;1;2;山形;山形県;242;24;140.3488;38.2604;239;196;0;0;255
1;1;1;戸沢;山形県;241;24;140.1780;38.7498;235;184;0;0;255
1;0;2;新庄;山形県;241;24;140.2957;38.7679;237;183;0;0;255
1;0;2;新庄支所;山形県;241;24;140.3130;38.7909;238;183;0;0;255
1;1;1;最上;山形県;241;24;140.5544;38.7132;243;185;0;0;255
1;1;1;朝日;山形県;240;24;139.7606;38.4704;227;191;0;0;255
1;0;2;東根;山形県;242;24;140.3907;38.4306;239;192;0;0;255
1;0;2;清川;山形県;240;24;140.0185;38.7895;232;183;0;0;255
1;1;2;温海;山形県;240;24;139.5889;38.6276;223;187;0;0;255
1;1;1;立川;山形県;240;24;140.0055;38.6357;232;187;0;0;255
1;1;1;米沢;山形県;243;24;140.0278;37.8960;232;205;0;0;255
1;0;2;米沢;山形県;243;24;140.0996;37.9043;233;205;0;0;255
1;0;2;肘折;山形県;241;24;140.1621;38.6070;235;187;0;0;255
1;1;1;舟形;山形県;241;24;140.3744;38.7107;239;185;0;0;255
1;1;1;西川東;山形県;242;24;140.1249;38.4257;234;192;0;0;255
1;1;1;西川西;山形県;242;24;139.9916;38.3860;231;193;0;0;255
1;1;2;酒田;山形県;240;24;139.8127;38.9140;228;180;0;0;255
1;1;2;長井;山形県;243;24;140.0428;38.1074;232;200;0;0;255
1;1;1;高畠;山形県;243;24;140.1836;37.9633;235;203;0;0;255
1;0;2;鶴岡;山形県;240;24;139.8013;38.7292;227;184;0;0;255
1;1;1;上九一色;山梨県;411;41;138.6045;35.5323;203;263;0;0;255
1;1;2;丹波山;山梨県;412;41;138.9198;35.7895;209;256;0;0;255
1;1;2;六郷;山梨県;411;41;138.4627;35.4965;200;264;1;1;255
1;0;2;南部;山梨県;411;41;138.4649;35.2791;200;269;0;0;255
1;1;2;塩山;山梨県;411;41;138.7266;35.7020;206;259;0;0;255
1;1;1;増穂;山梨県;411;41;138.4490;35.5623;200;262;0;0;255
1;1;1;大月;山梨県;412;41;138.9777;35.6247;211;260;0;0;255
1;1;2;大月;山梨県;412;41;138.9470;35.6132;210;261;-1;0;255
1;1;2;富士吉田;山梨県;412;41;138.8130;35.4648;207;264;0;0;255
1;1;1;早川;山梨県;411;41;138.3325;35.4327;198;265;0;0;255
1;0;2;早川;山梨県;411;41;138.3321;35.4320;198;265;0;0;255
1;1;1;早川北;山梨県;411;41;138.3087;35.5351;197;263;0;0;41
1;1;2;本栖;山梨県;412;41;138.6069;35.4684;203;264;1;1;255
1;1;2;甲府;山梨県;411;41;138.5677;35.6548;202;260;0;0;255
1;1;1;甲府2;山梨県;411;41;138.5653;35.7421;202;258;0;0;255
1;1;2;芦安;山梨県;411;41;138.3835;35.6382;199;260;0;0;255
1;0;1;西野原;山梨県;411;41;138.7340;35.6895;206;259;0;0;255
1;1;1;身延;山梨県;411;41;138.4203;35.3509;199;267;0;0;255
1;1;1;都留南;山梨県;412;41;138.9675;35.5115;210;263;0;0;255
1;1;2;須玉;山梨県;411;41;138.4096;35.7918;199;256;0;0;255
1;1;2;七宗;岐阜県;431;43;137.1191;35.5424;173;262;0;0;255
1;1;1;上宝;岐阜県;430;43;137.5174;36.2493;181;245;0;0;255
1;1;1;上石津;岐阜県;432;43;136.4732;35.2953;160;269;0;0;255
1;0;2;上石津;岐阜県;432;43;136.4715;35.2834;160;269;0;0;255
1;0;2;下呂;岐阜県;430;43;137.2450;35.8029;175;256;0;0;255
1;1;1;下呂北;岐阜県;430;43;137.2531;35.7991;176;256;0;0;255
1;1;1;中津川;岐阜県;431;43;137.4706;35.4571;180;265;1;1;255
1;1;2;中津川;岐阜県;431;43;137.5000;35.4887;181;264;0;-1;255
1;0;2;付知;岐阜県;431;43;137.4258;35.6576;179;260;0;0;255
1;1;2;八幡;岐阜県;432;43;136.9808;35.7593;170;257;0;0;255
1;1;1;八百津;岐阜県;431;43;137.2464;35.4865;175;264;0;0;48
1;1;1;古川;岐阜県;430;43;137.1983;36.2448;174;245;0;0;255
1;1;1;各務原;岐阜県;432;43;136.8764;35.4121;168;266;0;0;255
1;1;2;土岐;岐阜県;431;43;137.2158;35.3882;175;266;0;0;255
1;1;1;坂内;岐阜県;432;43;136.4134;35.6033;158;261;0;0;255
1;1;1;大和;岐阜県;432;43;136.9621;35.8323;170;255;0;0;255
1;1;2;小坂;岐阜県;430;43;137.2600;35.9515;176;252;0;0;255
1;1;2;岐阜;岐阜県;432;43;136.7568;35.4248;165;265;0;0;255
1;1;2;恵那;岐阜県;431;43;137.4039;35.4495;179;265;-1;0;255
1;1;2;揖斐川;岐阜県;432;43;136.5714;35.4829;162;264;-1;1;255
1;1;2;明智;岐阜県;431;43;137.3870;35.3009;178;268;0;0;255
1;1;1;春日;岐阜県;432;43;136.4347;35.4179;159;266;0;0;255
1;1;1;朝日北;岐阜県;430;43;137.3438;36.0940;177;249;1;-1;255
1;1;1;朝日南;岐阜県;430;43;137.3906;36.0216;178;251;0;0;45
1;1;2;東杉原;岐阜県;432;43;136.4882;35.6365;160;260;0;0;255
1;1;1;東白川;岐阜県;431;43;137.3187;35.6401;177;260;0;0;255
1;1;1;板取;岐阜県;432;43;136.7847;35.7235;166;258;0;0;255
0;0;2;板取;岐阜県;432;43;136.7847;35.7234;166;258;0;0;255
1;0;2;栃尾;岐阜県;430;43;137.5174;36.2492;181;245;0;0;255
1;1;1;根尾;岐阜県;432;43;136.6134;35.6325;163;260;0;0;47
1;1;2;河合;岐阜県;430;43;137.0253;36.2734;171;245;0;0;255
1;1;1;白川;岐阜県;430;43;136.8979;36.2743;168;245;0;0;255
1;0;2;白川;岐阜県;430;43;136.8978;36.2742;168;245;0;0;255
1;1;2;白鳥;岐阜県;432;43;136.8311;35.9219;167;253;0;1;255
1;1;1;神岡;岐阜県;430;43;137.3716;36.3779;178;242;1;-1;255
1;1;2;神岡;岐阜県;430;43;137.3014;36.3322;177;243;-1;1;255
1;1;1;美並;岐阜県;432;43;136.9618;35.6665;170;259;0;0;255
1;1;2;美山;岐阜県;432;43;136.7414;35.5912;165;261;0;0;255
1;1;2;美濃;岐阜県;432;43;136.9072;35.5454;169;262;0;0;255
1;1;1;美濃加茂;岐阜県;431;43;137.0040;35.4527;170;265;0;0;255
1;0;2;美濃加茂;岐阜県;431;43;137.0000;35.4426;170;265;0;0;255
1;1;1;羽島;岐阜県;432;43;136.7002;35.2768;164;269;0;0;255
1;1;1;荘川;岐阜県;430;43;136.9479;36.0654;169;250;0;0;46
1;0;2;荘川;岐阜県;430;43;136.9528;36.0333;169;250;0;0;255
1;1;1;谷汲;岐阜県;432;43;136.6127;35.5214;163;263;0;0;255
1;1;1;金山;岐阜県;430;43;137.1054;35.6682;173;259;0;-1;255
1;1;2;金山;岐阜県;430;43;137.1617;35.6637;174;260;0;1;255
1;1;1;馬瀬;岐阜県;430;43;137.1495;35.8991;173;254;0;0;255
1;1;1;高富;岐阜県;432;43;136.7939;35.5038;166;263;0;0;255
1;1;1;高山;岐阜県;430;43;137.2208;36.1338;175;248;-1;0;255
1;1;2;高山;岐阜県;430;43;137.2514;36.1536;176;248;1;-1;255
1;1;2;高根;岐阜県;430;43;137.4861;36.0378;180;250;0;0;255
1;1;1;高鷲;岐阜県;432;43;136.8732;35.9514;168;252;-1;-1;255
1;1;1;上斎原;岡山県;580;58;133.9263;35.2826;108;269;0;0;255
1;0;2;上斎原;岡山県;580;58;133.9256;35.2793;108;269;0;0;255
1;0;2;下津井;岡山県;581;58;133.7876;34.4462;105;289;0;0;255
1;0;2;倉敷;岡山県;580;58;133.7545;34.5893;104;286;0;0;255
1;0;2;備前;岡山県;581;58;134.1229;34.7228;113;282;0;0;255
1;0;2;加茂;岡山県;580;58;134.0500;35.1787;110;271;0;0;255
1;1;1;勝央;岡山県;580;58;134.1162;35.0732;112;274;0;0;255
1;1;1;北房;岡山県;580;58;133.6205;34.9363;102;277;0;0;67
1;0;2;吉井;岡山県;581;58;134.0923;34.9176;111;278;0;0;255
1;1;1;哲多;岡山県;580;58;133.4055;34.9103;97;278;0;0;255
1;1;1;大原;岡山県;580;58;134.3190;35.0999;116;273;0;0;65
1;1;1;岡山;岡山県;581;58;133.7890;34.7783;105;281;0;0;255
1;1;2;岡山;岡山県;581;58;133.9067;34.6540;107;284;0;0;255
1;1;1;建部;岡山県;581;58;133.8527;34.8684;106;279;0;0;255
1;0;2;建部;岡山県;581;58;133.9036;34.8701;107;279;0;0;255
1;0;2;新見;岡山県;580;58;133.5018;34.9579;99;277;0;0;255
1;1;1;日生;岡山県;581;58;134.2744;34.7283;115;282;0;0;255
1;0;2;津山;岡山県;580;58;134.0050;35.0684;109;274;0;0;255
1;1;1;湯原;岡山県;580;58;133.6765;35.1809;103;271;0;0;255
1;0;2;湯原;岡山県;580;58;133.7311;35.1702;104;271;0;0;255
1;1;1;瀬戸;岡山県;581;58;134.0702;34.7501;111;282;0;0;255
1;1;1;玉野;岡山県;581;58;133.8905;34.5070;107;288;0;0;255
1;1;1;真備;岡山県;581;58;133.6861;34.6429;103;285;0;0;68
1;1;1;神郷;岡山県;580;58;133.3169;35.0493;95;275;0;0;255
1;0;2;笠岡;岡山県;580;58;133.5099;34.5095;99;288;0;0;255
1;1;1;美星;岡山県;581;58;133.5283;34.6756;100;284;0;0;255
1;0;2;落合;岡山県;580;58;133.7317;35.0098;104;276;0;0;255
1;0;2;西粟倉;岡山県;580;58;134.3386;35.1737;116;272;0;0;255
1;0;2;高梁;岡山県;581;58;133.6121;34.7807;101;281;0;0;255
1;1;1;一戸;岩手県;212;21;141.1915;40.0811;256;151;0;0;255
1;0;2;一関;岩手県;213;21;141.1263;38.9346;254;179;0;0;255
1;1;1;一関東;岩手県;213;21;141.0013;38.9690;252;178;0;0;255
0;0;1;一関西;岩手県;213;21;140.8638;39.0092;249;177;0;0;255
1;1;1;一関西2;岩手県;213;21;140.8640;39.0094;249;177;0;0;255
1;0;2;久慈;岩手県;210;21;141.7641;40.1819;267;149;0;0;255
1;1;1;久慈北;岩手県;210;21;141.7831;40.2686;268;147;0;0;17
1;1;1;久慈南;岩手県;210;21;141.7120;40.0861;266;151;0;0;255
1;1;1;九戸;岩手県;212;21;141.4245;40.1533;260;149;0;0;18
1;0;2;二戸;岩手県;212;21;141.2901;40.2632;258;147;0;0;255
1;1;1;二戸東;岩手県;212;21;141.3423;40.2383;259;147;0;0;255
1;1;1;二戸西;岩手県;212;21;141.1709;40.2611;255;147;0;0;255
1;1;1;住田;岩手県;211;21;141.3909;39.1809;260;173;0;0;255
1;0;2;北上;岩手県;213;21;141.1378;39.3209;255;170;0;0;255
1;0;2;大志田;岩手県;213;21;140.8301;39.5169;248;165;0;0;255
1;0;2;大東;岩手県;213;21;141.4031;39.0187;260;177;0;0;255
1;0;2;大船渡;岩手県;211;21;141.7083;39.0815;266;176;0;0;255
1;1;1;安代;岩手県;212;21;140.9529;40.1391;251;150;0;0;255
1;0;2;安代;岩手県;212;21;141.0523;40.1011;253;151;0;0;255
1;0;2;宮古;岩手県;210;21;141.9464;39.6472;271;162;0;0;255
1;1;1;山田;岩手県;210;21;141.9336;39.4734;271;166;0;0;255
1;0;2;山田;岩手県;210;21;141.9748;39.4850;272;166;0;0;255
1;1;1;岩泉;岩手県;210;21;141.6520;39.8020;265;158;0;0;255
1;0;2;岩泉;岩手県;210;21;141.6584;39.8030;265;158;0;0;255
1;0;2;川井;岩手県;210;21;141.6789;39.5997;266;163;0;0;255
1;1;1;川井北;岩手県;210;21;141.5977;39.6442;264;162;0;0;255
1;1;1;川井南;岩手県;210;21;141.6775;39.4630;266;166;0;0;19
1;0;2;川尻;岩手県;213;21;140.7792;39.3180;247;170;0;0;255
1;1;2;普代;岩手県;210;21;141.8861;40.0083;270;153;0;0;255
1;1;1;東和;岩手県;213;21;141.3015;39.3340;258;169;0;0;21
1;1;2;水沢;岩手県;213;21;141.1520;39.1454;255;174;0;0;255
1;1;1;玉山;岩手県;212;21;141.3826;39.8250;260;157;0;0;255
1;1;1;田老;岩手県;210;21;141.9087;39.7435;270;159;0;0;255
1;0;2;田老;岩手県;210;21;141.9671;39.7357;271;160;0;0;255
1;1;2;盛岡;岩手県;212;21;141.1478;39.6953;255;161;0;0;255
1;0;2;相去;岩手県;213;21;141.0983;39.2569;254;171;0;0;255
1;1;1;矢巾;岩手県;212;21;141.0929;39.6148;254;163;0;0;20
1;0;2;石鳥谷;岩手県;213;21;141.1470;39.4844;255;166;0;0;255
1;1;2;種市;岩手県;210;21;141.7191;40.4099;266;143;0;0;255
1;1;1;花巻北;岩手県;213;21;141.0001;39.4559;252;166;0;0;255
1;1;1;花巻南;岩手県;213;21;141.0473;39.3434;253;169;0;0;255
1;1;1;葛巻;岩手県;212;21;141.5492;39.9398;263;155;0;0;255
1;0;2;葛巻;岩手県;212;21;141.4502;40.0366;261;152;0;0;255
1;1;1;藤沢;岩手県;213;21;141.3512;38.8654;259;181;0;0;255
1;0;2;藪川;岩手県;212;21;141.3295;39.7841;259;158;0;0;255
1;1;2;西根;岩手県;212;21;141.0820;39.9203;253;155;0;0;255
1;1;1;軽米;岩手県;212;21;141.5709;40.2705;263;146;0;0;255
1;1;2;遠野;岩手県;213;21;141.5637;39.3291;263;170;0;0;255
1;1;1;金ヶ崎;岩手県;213;21;141.0118;39.1979;252;173;0;0;255
1;1;1;釜石;岩手県;211;21;141.8233;39.2741;269;171;0;0;255
1;0;2;釜石;岩手県;211;21;141.8561;39.2701;269;171;0;0;255
1;0;2;門馬;岩手県;210;21;141.4376;39.6336;261;162;0;0;255
1;1;1;陸前高田;岩手県;211;21;141.5320;39.0307;263;177;0;0;23
1;1;1;雫石;岩手県;212;21;140.9465;39.6436;251;162;0;0;255
1;0;2;下宇部尾;島根県;570;57;133.1652;35.5347;92;263;0;0;255
1;1;1;仁多;島根県;570;57;133.0856;35.2235;91;270;0;0;255
1;1;1;伯太;島根県;570;57;133.2604;35.2963;94;269;0;0;255
1;1;1;佐田;島根県;570;57;132.7223;35.2243;83;270;0;0;255
1;1;1;六日市;島根県;571;57;131.8925;34.3904;66;291;0;0;255
1;0;2;六日市;島根県;571;57;131.9352;34.3529;67;292;0;0;255
1;0;2;出雲;島根県;570;57;132.7449;35.3611;84;267;0;0;255
1;1;1;加茂;島根県;570;57;132.8989;35.3422;87;267;0;0;255
1;1;1;匹見;島根県;571;57;132.0122;34.5725;69;286;0;0;255
1;0;2;匹見;島根県;571;57;132.0141;34.5718;69;286;0;0;255
1;1;1;吉田;島根県;570;57;132.8558;35.1634;86;272;0;0;255
1;0;2;大田;島根県;571;57;132.4978;35.1942;79;271;0;0;255
1;1;2;布施;島根県;575;57;133.3561;36.2932;96;244;0;0;255
1;1;1;平田;島根県;570;57;132.8008;35.4259;85;265;0;0;255
1;0;2;広瀬;島根県;570;57;133.1704;35.3644;92;267;0;0;255
1;0;2;掛合;島根県;570;57;132.8146;35.1957;85;271;0;0;255
1;0;2;木次;島根県;570;57;132.9004;35.2881;87;269;0;0;255
1;1;2;松江;島根県;570;57;133.0682;35.4714;90;264;1;1;255
1;0;2;横田;島根県;570;57;133.0929;35.1795;91;271;0;0;255
1;1;1;江津;島根県;571;57;132.3069;35.0087;75;276;0;0;76
1;0;2;江津;島根県;571;57;132.2227;35.0112;73;276;0;0;255
1;0;2;津和野;島根県;571;57;131.7752;34.4668;64;289;0;0;255
1;0;2;浜田;島根県;571;57;132.0783;34.8870;70;279;0;0;255
1;0;2;瑞穂;島根県;571;57;132.5308;34.8523;79;279;0;0;255
1;0;2;益田;島根県;571;57;131.8458;34.6690;66;284;0;0;255
1;1;1;石見;島根県;571;57;132.4208;34.8801;77;279;0;0;255
1;1;1;美保関;島根県;570;57;133.3004;35.5579;95;262;0;0;255
1;0;2;美保関;島根県;570;57;133.1612;35.5372;92;263;0;0;255
1;1;1;美都;島根県;571;57;132.0402;34.6940;69;283;0;0;255
1;1;1;羽須美;島根県;571;57;132.6396;34.8697;82;279;0;0;255
1;1;2;西ノ島;島根県;575;57;132.9840;36.0933;89;249;0;0;255
1;1;1;邑智;島根県;571;57;132.5308;35.0918;79;274;0;0;255
1;0;2;邑智;島根県;571;57;132.5914;35.0807;81;274;0;0;255
1;0;2;都万;島根県;575;57;133.2331;36.1925;94;247;0;0;255
1;1;1;金城;島根県;571;57;132.2026;34.8839;73;279;0;0;255
1;1;1;鹿島;島根県;570;57;133.0226;35.5232;89;263;-1;-1;255
1;1;1;三原;広島県;591;59;133.0236;34.3736;90;291;0;0;79
1;0;2;三原;広島県;591;59;133.0832;34.4040;91;290;0;0;255
1;0;2;三次;広島県;590;59;132.8418;34.8143;86;280;0;0;255
1;0;2;世羅;広島県;591;59;133.0488;34.5868;90;286;0;0;255
1;1;1;佐伯;広島県;592;59;132.1611;34.3935;72;291;0;0;255
1;1;1;倉橋;広島県;592;59;132.5053;34.1161;79;297;0;0;255
1;1;1;口和;広島県;590;59;132.9123;34.9137;87;278;0;0;255
1;1;1;吉田;広島県;590;59;132.6689;34.6629;82;284;0;0;255
1;1;1;吉舎;広島県;590;59;132.9524;34.7016;88;283;0;0;66
1;0;2;向原;広島県;590;59;132.7201;34.6029;83;286;0;0;255
1;1;1;呉;広島県;592;59;132.6411;34.2883;82;293;0;0;78
1;0;2;呉;広島県;592;59;132.5617;34.2530;80;294;0;0;255
1;0;2;因島;広島県;591;59;133.1776;34.2936;92;293;0;0;255
1;1;1;大和;広島県;591;59;132.9480;34.5482;88;287;0;0;255
1;0;2;大野;広島県;592;59;132.2766;34.2869;74;293;0;0;255
1;0;2;尾道;広島県;591;59;133.1971;34.4198;93;290;0;0;255
1;1;1;広島;広島県;592;59;132.4295;34.5810;77;286;0;0;255
1;1;2;広島;広島県;592;59;132.4505;34.3768;78;291;0;1;255
1;1;1;広島南;広島県;592;59;132.3907;34.4122;77;290;-1;0;255
1;0;2;府中;広島県;591;59;133.2364;34.5686;94;286;0;0;255
1;1;1;御調;広島県;591;59;133.1375;34.5183;92;288;0;0;255
1;1;1;戸河内;広島県;590;59;132.2326;34.5716;73;286;0;0;77
1;0;2;東城;広島県;590;59;133.2755;34.8951;95;278;0;0;255
1;1;1;東広島;広島県;592;59;132.7923;34.4572;85;289;0;0;255
1;0;2;東広島;広島県;592;59;132.7422;34.4276;84;290;0;0;255
1;1;1;沖美;広島県;592;59;132.4063;34.2090;77;295;0;0;255
1;0;2;油木;広島県;591;59;133.2807;34.7770;95;281;0;0;255
1;1;1;沼隈;広島県;591;59;133.3493;34.3785;96;291;0;0;74
1;0;2;湯来;広島県;592;59;132.2794;34.4926;74;288;0;0;255
1;0;2;甲奴;広島県;591;59;133.0946;34.7032;91;283;0;0;255
1;1;1;神石;広島県;591;59;133.1674;34.8225;92;280;0;0;75
1;1;1;神辺;広島県;591;59;133.4179;34.5566;98;287;0;0;255
1;0;2;福山;広島県;591;59;133.3615;34.4849;96;288;0;0;255
1;0;2;竹原;広島県;592;59;132.9068;34.3413;87;292;0;0;255
1;1;1;芸北;広島県;590;59;132.3794;34.7471;76;282;0;0;255
1;0;2;芸北;広島県;590;59;132.2772;34.7262;74;283;0;0;255
1;0;2;西城;広島県;590;59;133.1171;34.9529;91;277;0;0;255
1;0;2;豊平;広島県;590;59;132.4077;34.6659;77;284;0;0;255
1;0;2;高野;広島県;590;59;132.9018;35.0337;87;275;0;0;255
1;0;2;上勝;徳島県;601;60;134.3889;33.8788;117;303;0;0;255
1;1;1;井川;徳島県;600;60;133.8933;33.9997;107;300;0;0;69
1;0;2;市場;徳島県;600;60;134.2850;34.0905;115;298;0;0;255
1;1;1;徳島;徳島県;600;60;134.5337;33.9902;120;301;0;0;255
1;1;2;徳島;徳島県;600;60;134.5820;34.0438;121;299;0;0;255
1;1;1;日和佐;徳島県;601;60;134.4994;33.7751;120;306;0;0;71
1;1;1;木屋平;徳島県;600;60;134.1294;33.8778;112;303;0;0;255
1;0;2;木屋平;徳島県;600;60;134.2120;33.9344;114;302;0;0;255
1;0;2;木頭;徳島県;601;60;134.1995;33.7719;113;306;0;0;255
1;0;2;東祖谷山;徳島県;600;60;133.9218;33.8746;108;303;0;0;255
1;0;2;池田;徳島県;600;60;133.8090;34.0319;105;300;0;0;255
1;1;1;海南;徳島県;601;60;134.3156;33.6628;116;309;0;0;255
1;0;2;牟岐;徳島県;601;60;134.4192;33.6692;118;308;0;0;255
1;0;2;由岐;徳島県;601;60;134.5914;33.7749;121;306;0;0;255
1;1;1;貞光;徳島県;600;60;134.0918;34.0112;111;300;0;0;255
1;0;2;貞光;徳島県;600;60;134.0614;34.0380;111;299;0;0;255
1;0;2;阿南;徳島県;601;60;134.6039;33.8716;122;303;0;0;255
1;0;2;鳴門;徳島県;600;60;134.6098;34.2030;122;295;0;0;255
1;1;1;三崎;愛媛県;622;62;132.1157;33.3719;71;316;0;0;255
1;0;2;三崎;愛媛県;622;62;132.1141;33.3924;71;315;0;0;255
1;1;1;丹原;愛媛県;620;62;133.0658;33.9023;90;303;0;0;255
1;0;2;今治;愛媛県;620;62;132.9982;34.0624;89;299;0;0;255
1;0;2;伊予;愛媛県;621;62;132.7089;33.7654;83;306;0;0;255
1;0;2;伊予三島;愛媛県;620;62;133.5494;33.9788;100;301;0;0;255
1;1;1;伊方;愛媛県;622;62;132.3072;33.4719;75;313;0;0;255
1;0;2;八幡浜;愛媛県;622;62;132.4336;33.4496;78;314;0;0;255
1;0;2;北条;愛媛県;621;62;132.7722;33.9621;84;301;0;0;255
1;1;1;大洲;愛媛県;622;62;132.6011;33.5807;81;311;0;0;81
1;1;1;宇和;愛媛県;620;62;132.5055;33.4270;79;314;0;0;255
1;1;2;宇和島;愛媛県;622;62;132.5727;33.2217;80;319;0;0;255
1;1;1;宮窪;愛媛県;620;62;133.0581;34.1918;90;296;0;0;255
1;0;2;川内;愛媛県;621;62;132.9141;33.7974;87;305;0;0;255
1;0;2;広田;愛媛県;621;62;132.7963;33.6324;85;309;0;0;255
1;1;1;新宮;愛媛県;621;62;133.6497;33.9154;102;302;0;0;72
1;1;2;新居浜;愛媛県;620;62;133.3074;33.9216;95;302;0;0;255
1;1;1;日吉;愛媛県;622;62;132.7980;33.3348;85;317;0;0;255
1;0;2;東予;愛媛県;621;62;133.0843;33.9266;91;302;0;0;255
1;1;2;松山;愛媛県;621;62;132.7282;33.8198;83;305;0;0;255
1;1;1;柳谷;愛媛県;621;62;133.0016;33.5388;89;312;0;0;255
1;1;1;河辺;愛媛県;622;62;132.7480;33.5022;84;313;0;0;255
1;1;1;津島;愛媛県;622;62;132.5552;33.0556;80;324;0;0;83
1;1;1;砥部;愛媛県;621;62;132.8032;33.7112;85;307;0;0;255
1;0;2;美川;愛媛県;621;62;133.0082;33.6410;89;309;0;0;255
1;0;2;肱川;愛媛県;622;62;132.6882;33.4512;83;314;0;0;255
1;1;1;西条;愛媛県;620;62;133.1840;33.8650;93;304;0;0;255
1;0;2;西海;愛媛県;622;62;132.5047;32.9453;79;326;0;0;255
1;0;2;長浜;愛媛県;622;62;132.4768;33.6094;78;310;0;0;255
1;1;1;作手;愛知県;450;45;137.4114;34.9512;179;277;-1;-1;255
1;1;2;作手;愛知県;450;45;137.4236;34.9760;179;276;0;-1;255
1;1;1;南知多;愛知県;451;45;136.9385;34.7401;169;282;0;1;255
1;1;2;名古屋;愛知県;451;45;136.9737;35.0632;170;274;0;0;255
1;1;1;安城;愛知県;451;45;137.0568;34.9319;172;277;1;-1;255
1;1;2;安城;愛知県;451;45;137.0447;34.9119;171;278;-1;1;255
1;1;2;小牧;愛知県;451;45;136.9153;35.2979;169;268;0;0;255
1;1;2;尾西;愛知県;451;45;136.7500;35.2976;165;269;1;-1;255
1;1;1;岡崎;愛知県;451;45;137.2377;34.9635;175;277;0;0;255
1;1;1;常滑2;愛知県;451;45;136.8763;34.8886;168;279;-1;0;255
1;1;1;幡豆;愛知県;451;45;137.1057;34.7884;173;281;0;0;255
1;1;1;新城;愛知県;450;45;137.4876;34.8976;180;278;1;1;255
1;1;1;旭;愛知県;451;45;137.4039;35.2194;179;270;0;0;44
1;1;1;春日井;愛知県;451;45;137.0570;35.3059;172;268;0;0;255
1;1;2;津島;愛知県;451;45;136.7404;35.1732;165;272;0;0;255
1;1;1;清洲;愛知県;451;45;136.8509;35.2177;167;270;0;0;255
1;1;1;渥美;愛知県;450;45;137.0419;34.6158;171;285;0;0;255
1;1;2;渥美;愛知県;450;45;137.1078;34.6221;173;285;0;0;255
1;1;2;田原;愛知県;450;45;137.2606;34.6728;176;284;0;0;255
1;1;2;知多;愛知県;451;45;136.8639;34.9965;168;276;0;0;255
1;1;2;稲武;愛知県;451;45;137.5086;35.2159;181;271;0;-1;255
1;1;2;美浜;愛知県;451;45;136.9087;34.7788;169;281;0;-1;255
1;1;2;蒲郡;愛知県;450;45;137.2200;34.8263;175;280;0;0;255
1;1;2;藤岡;愛知県;451;45;137.2056;35.1979;175;271;0;0;255
1;1;1;設楽;愛知県;450;45;137.5350;35.1543;181;272;-1;1;255
1;1;2;設楽;愛知県;450;45;137.5756;35.1006;182;273;1;1;255
1;1;1;豊根;愛知県;450;45;137.7268;35.1840;185;271;0;0;255
1;1;1;豊橋;愛知県;450;45;137.3902;34.6643;178;284;0;0;255
1;1;2;豊橋;愛知県;450;45;137.4047;34.7549;179;282;1;1;255
1;1;1;豊橋北;愛知県;450;45;137.4393;34.7853;179;281;0;0;255
1;1;2;豊田;愛知県;451;45;137.1464;35.0812;173;274;0;0;255
1;1;1;足助;愛知県;451;45;137.3359;35.1392;177;272;0;0;255
0;0;2;足助;愛知県;451;45;137.3353;35.1394;177;272;0;0;255
1;1;1;長久手;愛知県;451;45;137.0474;35.1842;171;271;0;0;255
1;1;2;長篠;愛知県;450;45;137.5761;34.9335;182;278;0;0;255
1;1;1;額田;愛知県;451;45;137.2993;34.9189;177;278;0;0;255
1;1;1;鳳来;愛知県;450;45;137.6243;35.0002;183;276;0;0;255
1;1;2;三条;新潟県;371;37;138.9559;37.6410;210;211;0;0;255
1;1;1;上川;新潟県;372;37;139.3648;37.5438;219;213;0;0;255
1;1;1;下田;新潟県;371;37;139.1279;37.5386;214;214;0;0;255
1;1;2;両津;新潟県;375;37;138.4398;38.0745;200;200;0;0;255
1;1;2;中条;新潟県;372;37;139.4055;38.0530;219;201;0;0;255
1;1;2;佐和田;新潟県;375;37;138.3226;37.9976;197;202;0;0;255
1;1;1;六日;新潟県;371;37;138.9951;37.0533;211;225;0;0;255
1;1;1;加茂;新潟県;371;37;139.0676;37.6527;212;211;0;0;255
1;0;2;十日町;新潟県;371;37;138.7782;37.2012;207;222;0;0;255
1;1;1;塩沢;新潟県;371;37;138.8521;37.0303;208;226;0;0;255
1;0;2;塩沢;新潟県;371;37;138.8462;37.0364;208;226;0;0;255
1;1;1;妙高;新潟県;370;37;138.2594;36.9425;196;228;0;0;255
1;1;1;妙高高原;新潟県;370;37;138.0966;36.8569;193;230;0;0;255
1;1;2;安塚;新潟県;370;37;138.4440;37.1268;200;224;0;-1;255
1;1;2;寒川;新潟県;372;37;139.4961;38.4501;221;191;0;0;255
1;1;2;寺泊;新潟県;371;37;138.7676;37.6421;206;211;0;0;255
1;1;2;小出;新潟県;371;37;138.9620;37.2332;210;221;-1;0;255
1;1;2;小千谷;新潟県;371;37;138.8121;37.3043;207;219;0;0;255
1;1;2;小木;新潟県;375;37;138.2795;37.8205;196;207;0;0;255
1;1;2;岩谷口;新潟県;375;37;138.4337;38.2584;200;196;0;0;255
1;1;1;川西;新潟県;371;37;138.7440;37.1728;206;222;0;0;255
1;1;2;巻;新潟県;372;37;138.8834;37.7638;209;208;0;0;255
1;0;2;新井;新潟県;370;37;138.2507;37.0228;196;226;0;0;255
1;0;2;新津;新潟県;372;37;139.1442;37.8013;214;207;0;0;255
1;1;2;新潟;新潟県;372;37;139.0108;37.9146;211;204;0;0;255
1;0;2;新発田;新潟県;372;37;139.3375;37.9507;218;203;0;0;255
1;1;1;朝日;新潟県;372;37;139.5486;38.2799;222;195;0;0;255
1;0;2;村上;新潟県;372;37;139.4864;38.2301;221;197;0;0;255
1;1;1;村松;新潟県;372;37;139.2610;37.6658;216;210;0;0;255
1;0;2;村松;新潟県;372;37;139.1886;37.6935;215;210;0;0;255
1;1;2;松ヶ崎;新潟県;375;37;138.4981;37.9204;201;204;0;0;255
1;1;2;柏崎;新潟県;371;37;138.5579;37.3724;202;218;0;0;255
1;1;2;津南;新潟県;371;37;138.6529;37.0147;204;226;0;0;255
1;1;1;津川;新潟県;372;37;139.4648;37.6708;221;210;0;0;255
1;1;1;湯之谷;新潟県;371;37;138.9821;37.2239;211;221;0;0;255
1;1;1;湯沢;新潟県;371;37;138.7849;36.8114;207;231;0;0;255
1;1;1;牧;新潟県;370;37;138.3966;37.0544;199;225;0;0;255
1;1;2;直江津;新潟県;370;37;138.2235;37.1607;195;223;0;0;255
1;1;1;糸魚川;新潟県;370;37;137.8480;36.9378;188;228;0;0;255
1;1;2;糸魚川;新潟県;370;37;137.8624;37.0235;188;226;0;0;255
1;1;1;聖籠;新潟県;372;37;139.2788;37.9759;217;203;0;0;255
1;1;1;荒川;新潟県;372;37;139.4289;38.1327;220;199;0;0;255
1;1;1;長岡;新潟県;371;37;138.8876;37.4272;209;216;0;0;255
1;0;2;長岡;新潟県;371;37;138.8431;37.4416;208;216;0;0;255
1;0;2;長岡支所;新潟県;371;37;138.8862;37.4261;209;216;0;0;255
1;1;1;関川;新潟県;372;37;139.5428;38.1313;222;199;0;0;255
1;0;2;鹿瀬;新潟県;372;37;139.4772;37.6863;221;210;0;0;255
1;0;2;三宅;東京都;357;91;139.4793;34.0745;221;299;0;0;255
1;1;2;亀戸;東京都;350;35;139.8354;35.6890;228;259;0;0;255
1;1;2;八丈;東京都;358;91;139.7987;33.1194;228;323;0;0;255
1;0;2;八広;東京都;350;35;139.8249;35.7254;228;258;0;0;255
1;0;2;八枝;東京都;350;35;139.8115;35.6551;228;260;0;0;255
1;1;1;八王子;東京都;351;35;139.2650;35.6701;216;259;0;0;37
1;1;2;八王子;東京都;351;35;139.4034;35.6282;219;260;0;0;255
1;0;2;塩浜;東京都;350;35;139.8087;35.6657;228;259;0;0;255
1;0;2;奥戸;東京都;350;35;139.8624;35.7401;229;258;0;0;255
1;0;2;宇喜田;東京都;350;35;139.8635;35.6704;229;259;0;0;255
1;1;2;小金井;東京都;351;35;139.5029;35.6990;221;259;0;-1;255
1;1;2;岡田;東京都;355;91;139.3909;34.7852;219;281;0;0;255
1;1;1;府中;東京都;351;35;139.4704;35.6539;221;260;1;1;255
1;1;2;新宿;東京都;350;35;139.6859;35.7107;225;258;-1;0;255
1;1;2;新島;東京都;356;91;139.2573;34.3779;216;291;0;0;255
1;0;2;東白鬚;東京都;350;35;139.8121;35.7313;228;258;0;0;255
1;0;2;東雲;東京都;350;35;139.7990;35.6485;227;260;0;0;255
1;1;2;桧原;東京都;352;35;139.1454;35.7304;214;258;1;-1;255
1;1;2;横網;東京都;350;35;139.7962;35.6874;227;259;-1;1;255
1;1;1;檜原南;東京都;352;35;139.1275;35.7017;214;259;0;0;255
1;1;2;氷川;東京都;352;35;139.0956;35.8029;213;256;0;0;255
1;1;1;江東;東京都;350;35;139.8125;35.6114;228;261;0;0;255
1;1;2;波浮港;東京都;355;91;139.4412;34.6874;220;283;0;0;255
1;0;2;猿江;東京都;350;35;139.8193;35.6876;228;259;0;1;255
1;0;2;瑞江;東京都;350;35;139.8912;35.6926;229;259;0;0;255
1;1;2;町田;東京都;351;35;139.4137;35.5798;220;262;0;0;255
1;0;2;砂町;東京都;350;35;139.8343;35.6596;228;260;0;0;255
0;0;2;神着;東京都;357;91;139.5315;34.1228;222;297;0;0;255
1;0;2;篠崎;東京都;350;35;139.8971;35.7138;229;258;0;0;255
0;0;2;豊洲;東京都;350;35;139.7948;35.6538;227;260;0;0;255
1;1;2;越中島;東京都;350;35;139.7893;35.6685;227;259;-2;1;255
1;0;2;辰巳;東京都;350;35;139.8093;35.6474;228;260;0;0;255
1;1;2;青梅;東京都;352;35;139.2912;35.7968;217;256;0;1;255
1;1;2;御蔵島;東京都;352;91;139.5912;33.8962;224;304;0;0;255
1;1;1;今市;栃木県;310;31;139.7694;36.7084;227;234;1;0;255
1;1;2;今市;栃木県;310;31;139.7155;36.7258;226;234;-1;1;255
0;1;2;北高岡;栃木県;311;31;140.1557;36.5287;235;238;0;0;255
1;1;2;塩原;栃木県;310;31;139.8033;36.9900;227;227;0;0;255
1;1;1;大田原;栃木県;310;31;140.0225;36.8578;232;230;0;0;255
1;1;1;宇都宮;栃木県;311;31;139.8637;36.5595;229;238;0;0;255
1;1;2;宇都宮;栃木県;311;31;139.8861;36.5692;229;237;0;-1;255
1;1;2;小山;栃木県;311;31;139.8047;36.2859;227;244;0;0;255
1;1;2;小川;栃木県;311;31;140.1297;36.7639;234;233;-1;0;255
1;1;1;栗山東;栃木県;310;31;139.6459;36.8828;224;230;0;0;255
1;1;1;栗山西;栃木県;310;31;139.4534;36.8817;220;230;0;0;255
1;1;1;氏家;栃木県;311;31;139.9842;36.6959;231;234;0;0;255
1;1;2;湯元;栃木県;310;31;139.4204;36.8061;220;231;0;1;255
1;1;1;真岡;栃木県;311;31;139.9509;36.4458;230;240;0;0;255
1;1;2;真岡;栃木県;311;31;140.0225;36.4368;232;241;0;0;255
1;1;1;矢板;栃木県;310;31;139.8364;36.8625;228;230;0;0;255
1;0;2;矢板;栃木県;310;31;139.9264;36.8061;230;231;0;0;255
1;1;1;粟野;栃木県;311;31;139.6154;36.5509;224;238;0;0;34
1;1;1;芳賀;栃木県;311;31;140.0751;36.5480;233;238;0;0;255
0;1;2;芹沼;栃木県;310;31;139.7144;36.7489;226;233;-1;0;255
1;1;2;茂木;栃木県;311;31;140.1742;36.5450;235;238;0;0;255
1;1;2;葛生;栃木県;311;31;139.6145;36.3867;224;242;0;0;255
1;1;2;藤原;栃木県;310;31;139.7153;36.8144;226;231;0;0;255
1;1;1;藤原2;栃木県;310;31;139.6922;36.9853;225;227;0;0;29
1;1;2;足尾;栃木県;310;31;139.4376;36.6347;220;236;0;0;255
1;1;1;馬頭;栃木県;311;31;140.1781;36.7342;235;233;0;0;255
1;1;2;鹿沼;栃木県;311;31;139.7675;36.5600;227;238;0;0;255
1;1;2;黒磯;栃木県;310;31;140.0828;36.9417;233;228;0;0;255
1;1;2;上原;沖縄県;807;82;123.7798;24.4324;26;187;0;0;255
1;1;2;久米島;沖縄県;802;80;126.7479;26.3497;87;140;0;0;255
1;1;2;具志川;沖縄県;802;80;127.8572;26.3800;109;139;0;0;255
1;0;2;名護;沖縄県;800;80;127.9767;26.5916;112;134;0;0;255
1;1;2;国頭;沖縄県;800;80;128.1736;26.7402;116;130;0;0;255
1;1;2;知念;沖縄県;801;80;127.8267;26.1686;109;145;0;0;255
1;1;2;那覇;沖縄県;801;80;127.6786;26.2497;106;143;0;0;255
1;0;2;城辺;沖縄県;804;81;125.3864;24.7558;59;179;0;0;255
1;1;2;狩俣;沖縄県;804;81;125.2964;24.8530;57;177;0;0;255
1;1;2;新栄;沖縄県;805;82;124.1526;24.3413;34;189;0;0;255
1;0;2;伊原間;沖縄県;805;82;124.2820;24.5088;37;185;0;0;255
1;0;2;今津;滋賀県;500;50;136.0243;35.4215;151;265;0;0;255
1;0;2;余呉;滋賀県;500;50;136.2065;35.5398;154;263;0;0;255
1;1;1;信楽;滋賀県;501;50;136.0316;34.8530;151;279;0;0;52
1;0;2;信楽;滋賀県;501;50;136.0587;34.8779;151;279;0;0;255
1;1;1;多賀;滋賀県;500;50;136.3599;35.2383;157;270;0;0;50
1;1;1;大津;滋賀県;501;50;135.8671;35.2482;147;270;0;0;53
1;1;2;大津;滋賀県;501;50;135.8965;34.9718;148;276;0;1;255
1;0;2;彦根;滋賀県;500;50;136.2421;35.2493;155;270;0;0;255
1;0;2;志賀;滋賀県;501;50;135.9210;35.2001;148;271;0;0;255
1;1;1;日野;滋賀県;501;50;136.2610;34.9638;155;277;0;0;255
1;0;2;朽木;滋賀県;500;50;135.9184;35.3476;148;267;0;0;255
1;0;2;永源寺;滋賀県;501;50;136.2946;35.0701;156;274;0;0;255
1;0;2;甲西;滋賀県;501;50;136.0854;35.0051;152;276;0;0;255
1;0;2;甲賀;滋賀県;501;50;136.2307;34.9043;155;278;0;0;255
1;0;2;近江八幡;滋賀県;501;50;136.0957;35.1339;152;273;0;0;255
1;0;2;長浜;滋賀県;500;50;136.2640;35.3770;155;267;0;0;255
1;0;2;一の宮;熊本県;740;74;131.1214;32.9320;51;327;0;0;255
1;1;1;三角;熊本県;741;74;130.5584;32.6234;39;334;0;0;255
1;0;2;三角;熊本県;741;74;130.4874;32.6136;38;334;0;0;255
1;1;1;上;熊本県;742;74;130.9096;32.2209;46;344;0;0;255
1;0;2;五木;熊本県;742;74;130.8268;32.3961;45;340;0;0;255
1;1;1;人吉;熊本県;742;74;130.7371;32.2054;43;344;0;0;255
1;0;2;人吉;熊本県;742;74;130.7757;32.1966;44;345;0;0;255
1;0;2;八代;熊本県;741;74;130.6024;32.5078;40;337;0;0;255
1;0;2;多良木;熊本県;742;74;130.9257;32.2561;47;343;0;0;255
1;0;2;大津;熊本県;741;74;130.8774;32.8761;46;328;0;0;255
1;0;2;天草;熊本県;743;74;129.9997;32.3793;28;340;0;0;255
1;0;2;宇土;熊本県;741;74;130.6598;32.6875;41;333;0;0;255
1;1;1;小国;熊本県;740;74;131.0629;33.1220;50;322;0;0;255
1;0;2;小国;熊本県;740;74;131.0687;33.1208;50;322;0;0;255
1;0;2;山鹿;熊本県;741;74;130.6846;33.0185;42;324;0;0;255
1;1;1;新和;熊本県;743;74;130.1811;32.3151;32;342;0;0;255
1;0;2;新和;熊本県;743;74;130.1807;32.3636;32;340;0;0;255
1;1;2;本渡;熊本県;743;74;130.1807;32.4548;32;338;0;0;255
1;1;1;水俣;熊本県;743;74;130.3647;32.1704;35;345;0;0;255
1;0;2;水俣;熊本県;743;74;130.4046;32.2161;36;344;0;0;255
1;1;1;泉;熊本県;741;74;130.9046;32.4901;46;337;0;0;255
1;1;1;波野;熊本県;740;74;131.2207;32.9553;53;326;0;0;255
1;1;2;熊本;熊本県;741;74;130.7696;32.7875;44;330;-1;0;255
1;1;2;牛深;熊本県;743;74;130.0265;32.1945;29;345;-1;0;255
1;1;1;玉名;熊本県;741;74;130.5608;32.9873;39;325;0;0;93
1;0;2;玉名;熊本県;741;74;130.5477;32.9336;39;327;0;0;255
1;0;2;田浦;熊本県;743;74;130.5099;32.3650;38;340;0;0;255
1;1;1;白水;熊本県;740;74;131.1010;32.8114;50;330;0;0;255
1;1;1;益城;熊本県;741;74;130.8199;32.7967;45;330;1;0;255
1;1;1;矢部;熊本県;741;74;131.0251;32.6501;49;333;0;0;255
1;0;2;矢部;熊本県;741;74;130.9892;32.6856;48;333;0;0;255
1;0;2;砥用;熊本県;741;74;130.8652;32.6167;46;334;0;0;255
1;1;1;芦北;熊本県;743;74;130.5777;32.2918;40;342;0;0;95
1;1;1;菊池;熊本県;741;74;130.8301;32.9984;45;325;0;0;255
1;1;1;豊野;熊本県;741;74;130.7521;32.6345;43;334;0;0;255
1;1;1;阿蘇;熊本県;740;74;131.0199;32.9514;49;326;0;0;255
1;0;2;高森;熊本県;740;74;131.1226;32.8267;51;329;0;0;255
1;1;1;鹿北;熊本県;741;74;130.6949;33.1089;42;322;0;0;255
1;1;2;龍ヶ岳;熊本県;743;74;130.3885;32.3942;36;340;0;0;255
1;0;2;七塚;石川県;391;39;136.6989;36.7318;164;233;0;0;255
1;0;2;七尾;石川県;390;39;136.9681;37.0427;170;226;0;0;255
1;1;1;内浦;石川県;390;39;137.2436;37.3458;175;218;0;0;255
1;0;2;加賀;石川県;391;39;136.3154;36.3028;156;244;0;0;255
1;0;2;大町;石川県;390;39;136.9087;37.2265;169;221;0;0;255
1;0;2;大谷;石川県;390;39;137.1764;37.4999;174;214;0;0;255
1;1;1;富来;石川県;390;39;136.7176;37.1902;165;222;0;0;255
1;0;2;富来;石川県;390;39;136.6897;37.1602;164;223;0;0;255
1;1;2;小松;石川県;391;39;136.4432;36.3967;159;242;0;0;255
1;1;1;尾口;石川県;391;39;136.7168;36.2667;165;245;0;0;255
1;1;1;志賀;石川県;390;39;136.8206;37.0533;167;225;0;0;255
1;1;1;柳田;石川県;390;39;137.0413;37.3644;171;218;0;0;255
1;0;2;正院;石川県;390;39;137.2877;37.4443;176;216;0;0;255
1;1;1;津幡;石川県;391;39;136.7906;36.7380;166;233;0;0;255
1;1;1;珠洲;石川県;390;39;137.2844;37.5266;176;214;0;0;255
1;0;2;白峰;石川県;391;39;136.6247;36.1805;163;247;0;0;255
1;1;1;穴水;石川県;390;39;136.9689;37.2224;170;221;1;0;255
1;1;2;穴水;石川県;390;39;136.9039;37.2307;169;221;-1;0;255
1;0;2;羽咋;石川県;390;39;136.7783;36.8918;166;229;0;0;255
1;0;2;能都;石川県;390;39;137.1470;37.3080;173;219;0;0;255
1;1;2;輪島;石川県;390;39;136.9083;37.3919;169;217;0;0;255
1;1;1;金沢;石川県;391;39;136.6357;36.5150;163;239;0;1;255
1;1;2;金沢;石川県;391;39;136.6431;36.5419;163;238;0;-1;255
1;0;2;鳥越;石川県;391;39;136.6045;36.3575;162;242;0;0;255
1;1;2;三崎;神奈川県;360;36;139.6218;35.1441;224;272;0;0;255
1;1;2;二俣川;神奈川県;360;36;139.5387;35.4544;222;265;0;1;255
1;1;1;厚木;神奈川県;361;36;139.3539;35.4040;218;266;-1;0;255
1;1;2;厚木;神奈川県;361;36;139.3618;35.4424;218;265;0;-1;255
1;1;2;小田原;神奈川県;361;36;139.1520;35.2641;214;269;0;0;255
1;1;2;山北;神奈川県;361;36;139.0826;35.3608;213;267;0;0;255
1;1;1;山北中;神奈川県;361;36;139.0436;35.4173;212;266;-1;0;255
1;1;1;山北南;神奈川県;361;36;139.0910;35.3583;213;267;2;0;255
1;1;2;川崎;神奈川県;360;36;139.7062;35.5291;225;263;0;0;255
1;1;2;平塚;神奈川県;360;36;139.3504;35.3355;218;268;0;0;255
1;1;1;松田;神奈川県;361;36;139.1260;35.3663;214;267;2;1;255
1;1;1;横浜;神奈川県;360;36;139.5195;35.4991;222;264;0;-1;255
1;1;2;横浜;神奈川県;360;36;139.6340;35.4371;224;265;0;0;255
1;1;2;横須賀;神奈川県;360;36;139.6579;35.2727;224;269;2;0;255
1;1;1;清川;神奈川県;361;36;139.2146;35.4628;215;264;0;0;255
1;1;2;相模原;神奈川県;361;36;139.3265;35.5751;218;262;0;0;255
1;0;2;秦野;神奈川県;361;36;139.2048;35.3794;215;266;0;0;255
1;1;1;葉山;神奈川県;360;36;139.6110;35.2624;224;269;-1;1;255
1;1;2;藤沢;神奈川県;360;36;139.4901;35.3385;221;268;-1;0;255
1;1;1;藤野;神奈川県;361;36;139.1283;35.6437;214;260;0;1;255
1;0;2;藤野;神奈川県;361;36;139.1548;35.6154;214;261;0;0;255
1;1;2;鎌倉;神奈川県;360;36;139.5462;35.3192;222;268;1;-1;255
1;0;2;三国;福井県;400;40;136.1570;36.2184;153;246;0;0;255
1;1;1;三方;福井県;401;40;135.8694;35.5587;147;262;0;0;255
1;0;2;三方;福井県;401;40;135.9084;35.5479;148;262;0;0;255
1;0;2;今庄;福井県;400;40;136.1998;35.7731;154;257;0;0;255
1;1;1;和泉;福井県;400;40;136.6990;35.9415;164;253;0;0;255
1;0;2;和泉;福井県;400;40;136.6706;35.9053;164;254;0;0;255
1;0;2;大野;福井県;400;40;136.4865;35.9789;160;252;0;0;255
1;1;1;小浜;福井県;401;40;135.7266;35.4573;145;265;0;0;255
1;0;2;小浜;福井県;401;40;135.7519;35.4965;145;264;0;0;255
1;1;1;敦賀;福井県;401;40;136.0303;35.6390;151;260;0;0;255
1;0;2;敦賀;福井県;401;40;136.0575;35.6447;151;260;0;0;255
1;0;2;武生;福井県;400;40;136.1743;35.9067;154;254;0;0;255
1;1;1;永平寺;福井県;400;40;136.3617;36.0955;157;249;0;0;255
1;1;2;福井;福井県;400;40;136.2279;36.0444;155;250;0;0;255
1;1;1;織田;福井県;400;40;136.0556;35.9483;151;253;0;0;255
1;0;2;越廼;福井県;400;40;136.0137;36.0386;150;250;0;0;255
1;1;1;高浜;福井県;401;40;135.4841;35.4907;140;264;0;0;54
1;0;2;高浜;福井県;401;40;135.5510;35.4904;141;264;0;0;255
1;0;2;中間;福岡県;711;71;130.7053;33.8263;42;305;0;0;255
1;0;2;久留米;福岡県;713;71;130.5115;33.3235;38;317;0;0;255
1;0;2;八女;福岡県;713;71;130.5607;33.2252;39;319;0;0;255
1;0;2;前原;福岡県;710;71;130.2024;33.5610;32;311;0;0;255
1;1;1;北九州;福岡県;711;71;130.9798;33.8849;48;303;0;0;255
1;1;2;北九州;福岡県;711;71;130.9014;33.8324;46;304;0;0;255
1;1;1;嘉穂;福岡県;712;71;130.7451;33.5512;43;311;0;0;255
1;1;1;大刀洗;福岡県;713;71;130.6354;33.3678;41;316;0;0;92
1;0;2;大牟田;福岡県;713;71;130.4471;33.0159;37;324;0;0;255
1;1;1;宇美;福岡県;710;71;130.5499;33.5608;39;311;0;0;255
1;1;1;小石原;福岡県;713;71;130.8285;33.4654;45;313;0;0;86
1;0;2;柳川;福岡県;713;71;130.4052;33.1627;36;321;0;0;255
1;1;1;浮羽;福岡県;713;71;130.8170;33.2891;45;318;0;0;255
1;0;2;浮羽;福岡県;713;71;130.7939;33.3319;44;317;0;0;255
1;0;2;添田;福岡県;712;71;130.8539;33.5716;45;311;0;0;255
1;1;1;犀川;福岡県;711;71;130.9503;33.5293;47;312;0;0;255
1;1;1;玄海;福岡県;710;71;130.5432;33.8501;39;304;0;0;255
1;0;2;玄海;福岡県;710;71;130.5086;33.8425;38;304;0;0;255
1;0;2;甘木;福岡県;713;71;130.6689;33.4235;42;314;0;0;255
1;0;2;矢部;福岡県;713;71;130.8182;33.1491;45;321;0;0;255
1;1;2;福岡;福岡県;710;71;130.3985;33.5969;36;310;0;0;255
1;0;2;筑紫野;福岡県;710;71;130.5163;33.4952;38;313;0;0;255
1;1;1;若宮;福岡県;712;71;130.5963;33.6963;40;308;0;0;255
1;0;2;行橋;福岡県;711;71;131.0095;33.7388;49;307;0;0;255
1;1;1;豊前;福岡県;711;71;131.1348;33.5925;51;310;0;0;255
1;0;2;飯塚;福岡県;712;71;130.6962;33.6519;42;309;0;0;255
1;0;2;いわき;福島県;251;25;140.9035;37.0911;250;224;0;0;255
1;1;1;いわき東;福島県;251;25;140.9702;37.0264;251;226;0;0;255
1;1;1;いわき西;福島県;251;25;140.5853;36.9951;243;227;0;0;30
1;1;1;三春;福島県;250;25;140.5380;37.4894;242;215;0;0;255
1;1;1;下郷;福島県;252;25;139.8725;37.2544;229;220;0;0;255
1;0;2;下郷;福島県;252;25;139.9000;37.3077;229;219;0;0;255
1;0;2;中野;福島県;250;25;140.1325;37.3957;234;217;0;0;255
1;1;2;二本松;福島県;250;25;140.4368;37.6030;240;212;0;0;255
1;1;1;伊南;福島県;252;25;139.5199;37.1723;222;222;0;0;255
1;0;2;会津若松;福島県;252;25;139.9294;37.4774;230;215;0;0;255
1;1;1;会津高田;福島県;252;25;139.8126;37.4508;228;216;0;0;255
1;1;2;勿来;福島県;251;25;140.7929;36.9069;248;229;0;0;255
1;0;2;南郷;福島県;252;25;139.5386;37.2660;222;220;0;0;255
1;1;2;原町;福島県;251;25;140.9849;37.6385;252;211;0;0;255
1;0;2;古殿;福島県;250;25;140.5563;37.0900;243;225;0;0;255
1;1;1;只見;福島県;252;25;139.3147;37.3421;218;218;0;0;255
1;0;2;只見;福島県;252;25;139.3144;37.3491;218;218;0;0;255
1;0;2;喜多方;福島県;252;25;139.8633;37.6535;229;211;0;0;255
1;0;2;大熊;福島県;251;25;140.9632;37.4061;251;217;0;0;255
1;0;2;小野;福島県;250;25;140.6349;37.2778;244;220;0;0;255
1;1;1;川俣;福島県;250;25;140.5974;37.6636;244;210;0;0;255
1;0;2;川内;福島県;251;25;140.8132;37.3364;248;218;0;0;255
1;1;1;平田;福島県;250;25;140.5703;37.2169;243;221;0;0;255
1;1;2;広野;福島県;251;25;141.0016;37.2342;252;221;0;0;255
1;1;2;桧枝岐;福島県;252;25;139.3801;37.0159;219;226;0;0;255
1;0;2;梁川;福島県;250;25;140.6013;37.8449;244;206;0;0;255
1;0;2;棚倉;福島県;250;25;140.3775;37.0217;239;226;0;0;255
1;0;1;檜枝岐;福島県;252;25;139.3755;37.0103;219;226;0;0;255
1;1;1;浪江;福島県;251;25;140.9871;37.4911;252;215;0;0;26
1;0;2;滝原;福島県;252;25;139.6808;37.0700;225;225;0;0;255
1;1;1;熱塩加納;福島県;252;25;139.8821;37.7317;229;209;0;0;255
1;1;1;猪苗代;福島県;252;25;140.1735;37.6461;235;211;0;0;27
1;1;2;猪苗代;福島県;252;25;140.1078;37.5474;234;213;0;0;255
1;0;2;白河;福島県;250;25;140.1914;37.1228;235;224;0;0;255
1;0;2;相馬;福島県;251;25;140.9196;37.7949;250;207;0;0;255
1;1;1;矢吹;福島県;250;25;140.3386;37.2006;238;222;0;0;255
1;0;2;矢祭;福島県;250;25;140.4300;36.8683;240;230;0;0;255
1;1;1;福島;福島県;250;25;140.3766;37.7643;239;208;0;0;255
1;1;2;福島;福島県;250;25;140.4799;37.7613;241;208;0;0;255
1;0;2;船引;福島県;250;25;140.5668;37.4363;243;216;0;0;255
1;0;2;葛尾;福島県;251;25;140.7588;37.5031;247;214;0;0;255
1;1;1;西会津;福島県;252;25;139.7150;37.7565;226;208;0;0;28
1;0;2;西会津;福島県;252;25;139.6467;37.6002;224;212;0;0;255
1;1;1;西郷;福島県;250;25;140.0930;37.1616;233;223;0;0;255
1;1;1;郡山;福島県;250;25;140.4264;37.3530;240;218;0;0;255
1;0;2;郡山;福島県;250;25;140.3622;37.3961;239;217;0;0;255
1;1;1;都路;福島県;250;25;140.7227;37.4703;246;215;0;0;255
1;1;2;金山;福島県;252;25;139.5133;37.4530;222;216;0;0;255
1;1;1;長沼;福島県;250;25;140.2144;37.2822;236;220;0;0;255
1;0;2;須賀川;福島県;250;25;140.3689;37.2842;239;220;0;0;255
1;1;2;飯舘;福島県;251;25;140.7346;37.6799;246;210;0;0;255
1;1;1;高郷;福島県;252;25;139.7533;37.6078;226;212;0;0;255
1;1;1;中仙;秋田県;233;23;140.6116;39.5575;244;164;0;0;255
1;1;1;五城目;秋田県;230;23;140.2221;39.9155;236;155;0;0;255
1;0;2;八森;秋田県;230;23;139.9827;40.3888;231;144;0;0;255
1;1;1;協和;秋田県;233;23;140.4075;39.6884;240;161;0;0;255
1;0;2;協和;秋田県;233;23;140.3213;39.6069;238;163;0;0;255
1;0;2;大曲;秋田県;233;23;140.4760;39.4544;241;166;0;0;255
1;1;1;大森;秋田県;233;23;140.3869;39.3548;239;169;0;0;255
1;1;1;大館;秋田県;232;23;140.5812;40.3002;243;146;0;0;255
1;0;2;大館;秋田県;232;23;140.5659;40.2677;243;147;0;0;255
1;0;2;宮田;秋田県;233;23;140.5803;39.8128;243;158;0;0;255
1;1;1;小坂;秋田県;232;23;140.8395;40.4563;249;142;0;0;16
1;0;2;小坂;秋田県;232;23;140.7428;40.3279;247;145;0;0;255
1;0;2;本荘;秋田県;231;23;140.0499;39.3830;232;168;0;0;255
1;1;1;東成瀬;秋田県;233;23;140.7129;39.1740;246;173;0;0;255
1;0;2;椿台;秋田県;233;23;140.7170;39.1462;246;174;0;0;255
1;0;2;横手;秋田県;233;23;140.5629;39.2975;243;170;0;0;255
1;1;1;湯沢;秋田県;233;23;140.4710;39.1913;241;173;0;0;255
1;0;2;玉川;秋田県;233;23;140.6667;39.7739;245;159;0;0;255
1;0;2;琴丘;秋田県;230;23;140.0919;40.0376;233;152;0;0;255
1;1;1;田代;秋田県;232;23;140.4596;40.2755;241;146;0;0;255
1;0;2;田沢湖;秋田県;233;23;140.7181;39.6991;246;160;0;0;255
1;1;1;男鹿;秋田県;230;23;139.7623;39.9554;227;154;0;0;255
1;0;2;男鹿;秋田県;230;23;139.8466;39.8879;228;156;0;0;255
1;1;1;矢島;秋田県;231;23;140.1283;39.2223;234;172;0;0;255
1;1;2;秋田;秋田県;231;23;140.1002;39.7225;233;160;0;0;255
1;1;2;能代;秋田県;230;23;140.0288;40.2032;232;148;0;0;255
1;1;1;藤里;秋田県;230;23;140.2341;40.3188;236;145;-1;0;255
1;1;2;藤里;秋田県;230;23;140.2631;40.2782;237;146;1;0;255
1;1;1;西仙北;秋田県;233;23;140.3481;39.5450;239;164;0;0;255
1;1;1;西木北;秋田県;233;23;140.5790;39.8147;243;158;0;0;255
1;1;1;西木南;秋田県;233;23;140.5721;39.6634;243;161;0;0;255
1;0;2;角館;秋田県;233;23;140.5554;39.5950;243;163;0;0;255
1;1;2;象潟;秋田県;231;23;139.9085;39.2022;230;173;0;0;255
1;1;1;阿仁;秋田県;232;23;140.4072;39.9819;240;154;0;0;255
1;0;2;阿仁;秋田県;232;23;140.4031;39.9950;240;153;0;0;255
1;1;1;雄勝;秋田県;233;23;140.4952;38.9801;242;178;0;0;22
1;0;2;雄勝;秋田県;233;23;140.4510;39.0384;241;177;0;0;255
1;0;2;飯田川;秋田県;230;23;140.0716;39.8830;233;156;0;0;255
1;1;1;烏海;秋田県;231;23;140.3185;39.0718;238;176;0;0;255
1;0;2;烏海;秋田県;231;23;140.1902;39.1939;235;173;0;0;255
1;1;1;鹿角;秋田県;232;23;140.8084;40.0622;248;152;0;0;255
1;0;2;鹿角;秋田県;232;23;140.7873;40.2152;247;148;0;0;255
1;1;1;みどり;群馬県;321;32;139.3219;36.4931;218;239;0;0;255
1;0;2;万場;群馬県;321;32;138.9251;36.1162;210;248;0;0;255
1;1;1;下仁田;群馬県;321;32;138.7291;36.2356;206;245;1;-1;255
1;1;2;下仁田;群馬県;321;32;138.7579;36.2287;206;246;0;1;255
1;1;1;伊勢崎;群馬県;321;32;139.1847;36.3143;215;244;1;0;255
1;0;2;伊勢崎;群馬県;321;32;139.1924;36.3147;215;244;0;0;255
1;1;1;利根;群馬県;320;32;139.2104;36.6998;215;234;0;0;255
1;1;2;前橋;群馬県;321;32;139.1368;36.3478;214;243;0;-1;255
1;1;2;吾妻;群馬県;320;32;138.7523;36.5103;206;239;0;0;35
1;1;2;坂本;群馬県;321;32;138.7179;36.3500;205;243;0;0;255
1;1;2;太田;群馬県;321;32;139.3609;36.2914;218;244;0;0;255
1;1;1;嬬恋;群馬県;320;32;138.5244;36.4917;201;239;0;0;255
1;0;2;嬬恋;群馬県;320;32;138.5177;36.5133;201;239;0;0;255
1;1;1;富岡;群馬県;321;32;138.9210;36.2862;209;244;0;0;255
1;1;2;桐生;群馬県;321;32;139.3251;36.4106;218;241;0;0;255
1;1;2;水上;群馬県;320;32;138.9695;36.7819;210;232;0;0;255
1;1;1;水上2;群馬県;320;32;139.0627;36.8620;212;230;0;0;255
1;1;2;沼田;群馬県;320;32;139.0784;36.6578;213;235;0;0;255
1;1;2;渋川;群馬県;321;32;139.0092;36.4637;211;240;0;0;255
1;1;2;片品;群馬県;320;32;139.2248;36.7722;216;232;0;0;255
1;1;1;神流;群馬県;321;32;138.9129;36.1440;209;248;0;0;36
1;0;2;草津;群馬県;320;32;138.5918;36.6172;203;236;0;0;255
1;1;1;館林;群馬県;321;32;139.5443;36.2441;222;245;0;-1;255
1;1;2;館林;群馬県;321;32;139.5331;36.2343;222;246;0;1;255
1;1;1;高山;群馬県;320;32;138.9068;36.6212;209;236;0;0;255
1;1;2;高崎;群馬県;321;32;139.0176;36.3181;211;243;0;0;255
1;1;1;つくば;茨城県;301;30;140.0893;36.2137;233;246;0;0;32
1;1;2;つくば;茨城県;301;30;140.0903;36.1251;233;248;0;0;255
1;0;1;つくば南;茨城県;301;30;140.1050;35.9814;234;252;0;0;255
1;1;1;ひたちなか;茨城県;300;30;140.6198;36.3631;244;242;0;0;255
1;1;2;下妻;茨城県;301;30;139.9653;36.1843;231;247;0;0;255
1;1;2;下館;茨城県;300;30;139.9828;36.3062;231;244;0;0;255
1;1;2;北茨城;茨城県;300;30;140.6544;36.8808;245;230;0;0;255
1;0;1;北茨城2;茨城県;300;30;140.6545;36.8809;245;230;0;0;255
1;1;1;十王;茨城県;300;30;140.5484;36.6922;243;234;0;0;255
1;1;2;取手;茨城県;301;30;140.0494;35.9112;232;253;0;0;255
1;1;2;古河;茨城県;301;30;139.7037;36.1848;225;247;0;0;255
1;1;2;土浦;茨城県;301;30;140.1947;36.0729;235;250;0;0;255
1;1;1;大子;茨城県;300;30;140.3181;36.8369;238;231;0;0;33
1;1;2;大子;茨城県;300;30;140.3569;36.7761;239;232;1;0;255
1;1;2;大宮;茨城県;301;30;140.4102;36.5516;240;238;0;0;255
1;1;1;大洋;茨城県;301;30;140.5621;36.1188;243;248;0;0;255
1;1;1;山方;茨城県;300;30;140.3976;36.6405;240;236;0;0;31
1;1;2;岩井;茨城県;301;30;139.9080;36.0693;230;250;-1;0;255
1;1;1;岩瀬;茨城県;301;30;140.1401;36.3701;234;242;0;0;255
1;1;1;常北;茨城県;300;30;140.3559;36.4390;239;240;0;0;255
1;1;1;御前山;茨城県;300;30;140.3013;36.5566;238;238;0;0;255
1;1;2;日立;茨城県;300;30;140.6453;36.5915;245;237;0;0;255
1;1;2;水戸;茨城県;300;30;140.4543;36.3665;241;242;0;0;255
1;1;1;江戸崎;茨城県;301;30;140.3301;35.9521;238;252;0;0;255
1;0;2;江戸崎;茨城県;301;30;140.3194;35.9537;238;252;0;0;255
1;1;1;波崎2;茨城県;301;30;140.7323;35.8284;246;255;0;0;255
1;1;1;石下;茨城県;301;30;139.9889;36.1112;231;249;0;0;255
1;1;2;石岡;茨城県;301;30;140.2869;36.1901;237;247;0;0;255
1;1;2;笠間;茨城県;300;30;140.2372;36.3851;236;242;0;0;255
1;1;2;那珂湊;茨城県;300;30;140.5955;36.3523;244;243;0;1;255
1;1;2;鉾田;茨城県;301;30;140.4892;36.1587;241;247;0;0;255
1;1;1;霞ヶ浦;茨城県;301;30;140.3140;36.0864;238;249;0;0;255
1;1;1;高萩;茨城県;300;30;140.5750;36.7955;243;232;0;0;255
1;1;2;高萩;茨城県;300;30;140.7068;36.7061;246;234;0;0;255
1;1;2;鹿嶋;茨城県;301;30;140.6322;35.9770;244;252;0;0;255
1;1;2;上対馬;長崎県;735;73;129.4594;34.6609;17;284;0;0;255
1;0;2;佐世保;長崎県;730;73;129.7177;33.1808;22;320;0;0;255
1;1;1;佐世保北;長崎県;730;73;129.7652;33.2122;23;320;0;0;255
1;1;1;佐世保南;長崎県;730;73;129.8102;33.1256;24;322;0;0;90
1;0;2;千々石;長崎県;732;73;130.2024;32.7839;32;330;0;0;255
1;0;2;口之津;長崎県;732;73;130.1849;32.6106;32;334;0;0;255
1;1;2;国分;長崎県;735;73;129.2868;34.2029;13;295;0;0;255
1;0;2;大村;長崎県;731;73;129.9582;32.9002;27;327;0;0;255
1;0;2;大瀬戸;長崎県;731;73;129.6428;32.9327;21;327;0;0;255
1;1;2;宇久;長崎県;737;73;129.1255;33.2558;10;319;0;0;255
1;0;2;小長井;長崎県;731;73;130.1843;32.9231;32;327;0;0;255
1;1;2;島原;長崎県;732;73;130.3463;32.7884;35;330;0;0;255
1;1;1;平戸;長崎県;730;73;129.4353;33.2116;16;320;0;0;255
1;0;2;平戸;長崎県;730;73;129.5383;33.3616;19;316;0;0;255
1;0;2;志々伎;長崎県;730;73;129.4128;33.2016;16;320;0;0;255
1;0;2;東彼杵;長崎県;730;73;129.9171;33.0371;26;324;0;0;255
1;1;2;松浦;長崎県;730;73;129.7054;33.3444;22;316;0;0;255
1;0;2;玉之浦;長崎県;737;73;128.6194;32.6341;0;334;0;0;255
1;1;1;琴海;長崎県;731;73;129.8026;32.9553;24;326;0;0;255
1;0;2;琴海;長崎県;731;73;129.7802;32.9061;24;327;0;0;255
1;1;2;福江;長崎県;737;73;128.8433;32.6658;4;333;0;0;255
1;1;2;若松;長崎県;737;73;129.0211;32.8880;8;328;0;0;255
1;0;2;諫早;長崎県;731;73;130.0218;32.8456;28;329;0;0;255
1;0;2;豊玉;長崎県;735;73;129.3240;34.3973;14;291;0;0;255
1;1;2;郷ノ浦;長崎県;736;73;129.6899;33.7502;22;306;0;0;255
1;0;2;野母崎;長崎県;731;73;129.7596;32.5811;23;335;0;0;255
1;1;1;長崎;長崎県;731;73;129.8625;32.6999;25;332;0;0;255
1;1;2;長崎;長崎県;731;73;129.8763;32.7353;25;331;0;-1;255
1;1;1;高来;長崎県;731;73;130.1408;32.9103;31;327;0;0;255
1;1;1;三郷;長野県;421;42;137.8591;36.2541;188;245;0;0;255
1;1;1;上山田;長野県;420;42;138.1474;36.4663;194;240;0;0;255
1;1;1;上松;長野県;422;42;137.7173;35.7870;185;256;0;1;255
1;0;2;上田;長野県;421;42;138.2491;36.4022;196;241;0;0;255
1;1;1;中野;長野県;420;42;138.3760;36.7434;198;233;-1;0;255
1;1;1;伊那;長野県;422;42;137.9236;35.8315;189;255;0;0;40
1;0;2;伊那;長野県;422;42;137.9532;35.8282;190;255;0;0;255
1;1;1;佐久;長野県;421;42;138.5504;36.1425;202;248;0;0;255
1;1;1;信州新;長野県;420;42;138.0479;36.5770;192;237;-1;0;255
1;0;2;信濃;長野県;420;42;138.2069;36.8069;195;231;0;0;255
1;1;1;南信濃;長野県;422;42;137.9268;35.2986;189;268;1;0;255
1;1;1;南木曽;長野県;422;42;137.6105;35.6056;183;261;0;0;255
1;0;2;南木曽;長野県;422;42;137.6125;35.6079;183;261;0;0;255
1;1;1;南牧;長野県;421;42;138.4797;35.9696;201;252;0;0;255
1;1;1;喬木;長野県;422;42;137.8767;35.5143;188;263;0;0;255
1;1;1;塩尻;長野県;421;42;137.9389;36.1184;190;248;0;0;255
1;1;2;大町;長野県;420;42;137.8507;36.5086;188;239;1;-1;255
1;1;1;大町中;長野県;420;42;137.8201;36.5327;187;238;0;0;255
1;1;2;大鹿;長野県;422;42;138.0338;35.5787;191;262;0;0;255
1;1;2;天龍;長野県;422;42;137.8571;35.2864;188;269;-1;-1;255
1;1;1;奈川;長野県;421;42;137.6849;36.0640;184;250;0;0;255
1;0;2;安曇;長野県;421;42;137.7852;36.1833;186;247;0;0;255
1;1;1;富士見;長野県;421;42;138.3052;35.9157;197;253;0;0;255
1;1;2;富士見;長野県;421;42;138.2229;35.9133;195;253;0;0;255
1;1;2;小海;長野県;421;42;138.4844;36.0956;201;249;-1;0;255
1;1;2;小諸;長野県;421;42;138.4357;36.3281;200;243;-1;0;255
1;1;2;山ノ内;長野県;420;42;138.4129;36.7403;199;233;1;0;255
1;1;1;川上;長野県;421;42;138.5845;35.9735;203;252;0;0;255
1;1;1;平谷;長野県;422;42;137.6261;35.3095;183;268;0;0;255
1;1;1;御代田;長野県;421;42;138.4967;36.3308;201;243;1;0;255
1;1;1;戸隠;長野県;420;42;138.0964;36.7075;193;234;0;0;255
1;1;2;木曽福島;長野県;422;42;137.7078;35.8562;185;255;0;-1;255
1;1;1;木祖;長野県;422;42;137.7669;35.9632;186;252;-1;0;255
1;1;2;杭瀬下;長野県;420;42;138.1191;36.5339;193;238;1;0;255
1;1;1;松川;長野県;422;42;137.8797;35.6152;188;261;0;0;255
1;1;1;松本;長野県;421;42;137.9898;36.2578;191;245;0;0;255
1;0;2;松本;長野県;421;42;137.9785;36.2564;190;245;0;0;255
1;1;2;楢川;長野県;421;42;137.8255;35.9748;187;252;1;1;255
1;1;1;武石;長野県;421;42;138.2491;36.2859;196;244;0;-1;255
1;1;2;王滝;長野県;422;42;137.5295;35.8132;181;256;0;0;255
1;1;1;生坂;長野県;421;42;137.9637;36.4598;190;240;0;0;255
1;1;1;白馬;長野県;420;42;137.8482;36.6984;188;234;0;0;255
1;0;2;白馬;長野県;420;42;137.8544;36.6981;188;234;0;0;255
1;1;1;穂高;長野県;421;42;137.8201;36.3824;187;242;0;0;255
1;1;2;穂高;長野県;421;42;137.8694;36.3378;188;243;1;0;255
0;1;1;茅野;長野県;421;42;138.1848;35.9465;195;253;0;0;255
1;1;2;諏訪;長野県;421;42;138.1116;36.0454;193;250;0;0;255
1;1;1;辰野;長野県;422;42;137.9305;36.0088;189;251;0;0;255
1;1;1;野沢温泉;長野県;420;42;138.4408;36.9102;200;229;0;0;255
1;1;1;長谷;長野県;422;42;138.0824;35.7946;192;256;0;0;255
1;1;2;長野;長野県;420;42;138.1938;36.6486;195;235;0;0;255
1;1;2;長門;長野県;421;42;138.2669;36.2564;196;245;0;1;255
1;1;1;開田;長野県;422;42;137.5950;35.9324;183;253;0;0;255
1;1;1;阿智2;長野県;422;42;137.7346;35.4786;185;264;0;0;255
1;0;2;飯山;長野県;420;42;138.3660;36.8514;198;230;0;0;255
1;0;1;飯田;長野県;422;42;138.0058;35.4489;191;265;0;0;255
1;0;2;飯田;長野県;422;42;137.8374;35.5232;187;263;0;0;255
1;0;2;駒ヶ根;長野県;422;42;137.9341;35.7304;189;258;0;0;255
1;0;2;むつ;青森県;203;20;141.1972;41.2948;256;121;0;0;255
1;0;2;三沢;青森県;202;20;141.3669;40.6803;259;136;0;0;255
1;0;2;中里;青森県;200;20;140.4326;40.9676;240;129;0;0;255
1;0;2;五所川原;青森県;200;20;140.4473;40.8152;241;133;0;0;255
1;1;2;今別;青森県;200;20;140.4801;41.1795;241;124;0;0;255
1;1;1;佐井;青森県;203;20;140.8567;41.4049;249;119;0;0;14
1;1;1;八戸;青森県;202;20;141.4451;40.5794;261;139;0;0;255
1;1;2;八戸;青森県;202;20;141.4805;40.5138;262;140;0;1;255
1;0;2;八甲田;青森県;200;20;140.9190;40.7002;250;136;0;0;255
1;1;1;六ヶ所;青森県;202;20;141.3738;40.9664;259;129;0;0;255
1;0;2;六ヶ所;青森県;202;20;141.3733;40.9665;259;129;0;0;255
1;0;2;十和田;青森県;202;20;141.2080;40.6152;256;138;0;0;255
1;1;1;十和田湖東;青森県;202;20;141.1547;40.5846;255;139;0;0;255
1;1;1;十和田湖西;青森県;202;20;140.9950;40.5800;252;139;0;0;255
1;1;2;南通;青森県;203;20;141.3958;41.2256;260;124;0;0;255
1;1;2;南部;青森県;202;20;141.2800;40.4124;258;143;-1;1;255
1;1;1;名川;青森県;202;20;141.3374;40.4492;259;142;0;0;255
1;1;2;大畑;青森県;203;20;141.1699;41.4053;255;119;0;0;255
1;1;1;大間;青森県;203;20;140.9127;41.5273;250;116;0;0;255
1;0;2;大間;青森県;203;20;140.9244;41.5267;250;116;0;0;255
1;1;1;大鰐;青森県;201;20;140.5565;40.4841;243;141;0;0;255
1;0;2;子ノ口;青森県;202;20;140.9406;40.4371;251;142;0;0;255
1;1;2;小泊;青森県;200;20;140.3106;41.1281;238;125;0;0;255
1;1;2;尻屋;青森県;203;20;141.4486;41.4087;261;119;0;0;255
1;1;1;岩木;青森県;201;20;140.3499;40.6199;239;138;0;0;255
1;1;1;川内;青森県;203;20;140.9896;41.2340;252;123;0;0;15
1;0;2;川内;青森県;203;20;140.9972;41.1976;252;124;0;0;255
1;0;2;弘前;青森県;201;20;140.4990;40.6018;242;138;0;0;255
1;1;1;新郷;青森県;202;20;141.0923;40.4624;254;142;0;0;255
1;0;2;東田沢;青森県;200;20;140.9155;40.9924;250;129;0;0;255
1;0;2;横浜;青森県;202;20;141.2552;41.0840;257;127;0;0;255
1;1;1;深浦;青森県;201;20;140.0233;40.7451;232;135;0;0;255
1;0;2;深浦;青森県;201;20;139.9284;40.6363;230;137;0;0;255
1;1;1;田子;青森県;202;20;141.0145;40.2962;252;146;0;0;255
1;0;2;碇ヶ関;青森県;201;20;140.6306;40.4738;244;141;0;0;255
1;0;2;福浦;青森県;203;20;140.8132;41.3280;248;121;0;0;255
1;0;2;脇野沢;青森県;203;20;140.8219;41.1453;248;125;0;0;255
1;1;2;蟹田;青森県;200;20;140.6398;41.0473;245;127;0;0;255
1;1;1;西目屋;青森県;201;20;140.2726;40.5488;237;140;0;0;255
1;0;2;西目屋;青森県;201;20;140.2965;40.5758;237;139;0;0;255
1;1;1;野辺地;青森県;202;20;141.1033;40.8564;254;132;0;0;255
1;0;2;野辺地;青森県;202;20;141.1416;40.8721;255;132;0;0;255
1;1;1;青森;青森県;200;20;140.6759;40.8524;245;132;0;0;255
1;1;2;青森;青森県;200;20;140.7501;40.8193;247;133;0;0;255
1;0;2;鯵ヶ沢;青森県;201;20;140.1976;40.7782;235;134;0;0;255
1;1;1;鰺ヶ沢;青森県;201;20;140.3121;40.7618;238;134;0;0;255
1;1;1;黒石;青森県;201;20;140.6646;40.6091;245;138;0;0;255
0;1;2;伊東;静岡県;440;44;139.1031;34.9652;214;277;1;0;255
1;1;1;伊東中;静岡県;440;44;139.0855;34.9467;213;277;0;0;255
1;1;2;佐久間;静岡県;443;44;137.8136;35.0916;187;274;0;0;255
1;1;1;修善寺;静岡県;440;44;138.9128;34.9756;209;276;-1;0;255
1;1;2;修善寺;静岡県;440;44;138.9466;34.9771;210;276;1;1;255
1;1;1;函南;静岡県;440;44;138.9779;35.0854;211;274;0;0;255
1;1;1;初島2;静岡県;440;44;139.1685;35.0417;215;275;0;0;255
1;1;1;南伊豆;静岡県;440;44;138.8340;34.6749;208;284;1;0;42
1;1;2;南伊豆;静岡県;440;44;138.8194;34.6469;207;285;-1;1;255
1;1;2;土肥;静岡県;440;44;138.7941;34.9113;207;278;0;0;255
1;1;2;天竜;静岡県;443;44;137.8164;34.8738;187;279;0;0;255
1;1;2;富士宮;静岡県;441;44;138.6016;35.2128;203;271;1;-1;255
1;1;2;川奈;静岡県;440;44;139.1378;34.9524;214;277;1;0;255
1;1;1;川根;静岡県;442;44;138.0767;34.9398;192;277;0;0;255
1;0;2;川根;静岡県;442;44;138.0760;34.9394;192;277;0;0;255
1;1;1;引佐;静岡県;443;44;137.6616;34.8343;184;280;0;0;49
1;1;2;御殿場;静岡県;441;44;138.9349;35.3091;210;268;0;0;255
1;1;2;掛川;静岡県;443;44;137.9981;34.7699;191;281;0;0;255
1;1;1;掛川3;静岡県;443;44;138.0174;34.8768;191;279;0;0;255
1;1;1;新居;静岡県;443;44;137.5604;34.6913;182;283;0;0;255
1;1;2;春野;静岡県;443;44;137.8975;34.9816;189;276;1;-1;255
1;1;2;本川根;静岡県;442;44;138.1332;35.0969;193;273;0;0;255
1;1;2;東伊豆;静岡県;440;44;139.0546;34.8158;212;280;0;0;255
1;1;2;松崎;静岡県;440;44;138.7841;34.7549;207;282;1;0;255
1;1;2;梅ヶ島;静岡県;442;44;138.3407;35.2435;198;270;0;0;255
1;1;2;榛原;静岡県;442;44;138.2241;34.7402;195;282;0;0;255
1;1;1;水窪北;静岡県;443;44;137.9181;35.2233;189;270;0;0;255
1;1;1;河津;静岡県;440;44;138.9700;34.7832;210;281;0;0;255
1;1;2;沼津;静岡県;441;44;138.8657;35.0960;208;273;0;0;255
1;1;2;浜岡;静岡県;443;44;138.1281;34.6374;193;285;0;0;255
1;1;1;浜松;静岡県;443;44;137.7441;34.6683;186;284;1;0;255
1;1;2;浜松;静岡県;443;44;137.7197;34.7102;185;283;1;-1;255
1;1;2;清水;静岡県;442;44;138.4760;35.0410;201;275;0;-1;255
1;1;1;清水北;静岡県;442;44;138.4243;35.1304;199;273;0;0;43
1;1;1;清水南;静岡県;442;44;138.4924;34.9739;201;276;0;1;255
1;1;2;湖西;静岡県;443;44;137.5314;34.7194;181;283;-1;1;255
1;1;2;焼津;静岡県;442;44;138.3113;34.8566;197;279;0;0;255
1;1;2;熱海;静岡県;440;44;139.0795;35.1424;213;272;0;0;255
1;1;1;芝川;静岡県;441;44;138.5659;35.2028;202;271;-1;0;255
1;1;2;蒲原;静岡県;442;44;138.6213;35.1271;203;273;0;0;255
1;1;1;藤枝;静岡県;442;44;138.2008;34.9142;195;278;0;0;255
1;1;1;袋井;静岡県;443;44;137.9034;34.7948;189;281;0;0;255
1;1;2;裾野;静岡県;441;44;138.9127;35.1971;209;271;0;0;255
1;1;2;西伊豆;静岡県;440;44;138.8008;34.7903;207;281;1;-1;255
1;1;1;西伊豆西;静岡県;440;44;138.7724;34.7988;206;281;0;0;255
1;1;2;静岡;静岡県;442;44;138.3735;34.9649;198;277;0;0;255
1;1;1;静岡北;静岡県;442;44;138.1973;35.3070;195;268;0;0;255
1;1;1;静岡南;静岡県;442;44;138.3526;35.0146;198;275;0;0;255
1;1;1;龍山東;静岡県;443;44;137.8409;35.0086;188;276;0;0;255
1;1;1;三木;香川県;610;61;134.1482;34.2700;112;294;0;0;255
1;1;1;三野;香川県;611;61;133.7081;34.1980;103;295;0;0;255
1;0;2;丸亀;香川県;611;61;133.7896;34.2652;105;294;0;0;255
1;0;1;内海;香川県;610;61;134.3241;34.4572;116;289;0;0;63
1;1;2;内海;香川県;610;61;134.3139;34.4727;116;289;0;0;255
1;1;2;土庄;香川県;610;61;134.2804;34.5452;115;287;0;0;255
1;1;1;大内;香川県;610;61;134.3043;34.2264;116;295;0;0;255
1;0;2;引田;香川県;610;61;134.4009;34.2271;118;295;0;0;255
1;0;2;琴南;香川県;611;61;133.9243;34.1644;108;296;0;0;255
1;1;1;綾上;香川県;611;61;133.9493;34.2186;108;295;0;0;255
1;0;2;観音寺;香川県;611;61;133.6354;34.1138;102;298;0;0;255
1;0;2;長尾;香川県;610;61;134.1856;34.2496;113;294;0;0;255
1;1;2;高松;香川県;610;61;134.0374;34.3473;110;292;0;0;255
1;1;1;中村;高知県;632;63;132.9524;33.0754;88;323;0;0;255
1;0;2;中村;高知県;632;63;132.9377;32.9895;88;325;0;0;255
1;1;1;伊野;高知県;631;63;133.4388;33.5313;98;312;0;0;255
1;0;2;佐賀;高知県;632;63;133.1015;33.0797;91;323;0;0;255
1;1;1;北川;高知県;630;63;134.1197;33.5421;112;312;0;0;255
1;1;1;吾北;高知県;631;63;133.3641;33.7079;96;308;0;0;73
1;0;2;吾川;高知県;631;63;133.1718;33.5742;93;311;0;0;255
1;0;2;土佐;高知県;631;63;133.4165;33.4945;98;313;0;0;255
1;0;2;土佐山田;高知県;631;63;133.6921;33.5934;103;310;0;0;255
1;1;1;土佐清水;高知県;632;63;132.9718;32.7797;88;330;0;0;255
1;0;2;土佐清水;高知県;632;63;132.9754;32.7359;89;331;0;0;255
1;1;1;大月;高知県;632;63;132.7066;32.8414;83;329;0;0;255
1;1;1;大正;高知県;632;63;132.9891;33.2683;89;318;0;0;82
1;0;2;大正;高知県;632;63;132.9758;33.1967;89;320;0;0;255
1;0;2;大豊;高知県;631;63;133.7298;33.7844;102;306;0;0;255
1;0;2;安芸;高知県;630;63;133.9068;33.5014;107;313;0;0;255
1;1;1;室戸;高知県;630;63;134.1603;33.2866;113;318;0;0;70
1;0;2;室戸;高知県;630;63;134.1681;33.2903;113;318;0;0;255
1;0;2;宿毛;高知県;632;63;132.7252;32.9370;83;326;0;0;255
1;1;1;本山;高知県;631;63;133.5760;33.7543;101;306;0;0;255
1;0;2;本川;高知県;631;63;133.3465;33.7758;96;306;0;0;255
1;0;2;東洋;高知県;630;63;134.2814;33.5275;115;312;0;0;255
1;0;2;檮原;高知県;631;63;132.8962;33.3982;87;315;0;0;255
1;1;1;池川;高知県;631;63;133.1444;33.6472;92;309;0;0;255
1;0;2;物部;高知県;631;63;133.8771;33.6975;107;308;0;0;255
1;1;1;芸西;高知県;630;63;133.8192;33.5294;106;312;0;0;255
1;1;1;須崎;高知県;631;63;133.2866;33.3920;95;315;0;0;255
1;0;2;須崎;高知県;631;63;133.2896;33.3925;95;315;0;0;255
1;1;1;香北;高知県;631;63;133.8243;33.6748;106;308;0;0;255
1;1;2;高知;高知県;631;63;133.5271;33.5611;100;311;0;0;255
1;0;2;倉吉;鳥取県;562;56;133.8253;35.4290;106;265;0;0;255
1;1;1;岩美;鳥取県;560;56;134.3426;35.5729;116;262;0;0;255
1;0;2;日南;鳥取県;563;56;133.3113;35.1708;95;272;0;0;255
1;1;1;日野;鳥取県;563;56;133.3909;35.2313;97;270;0;0;255
1;1;1;智頭;鳥取県;560;56;134.2173;35.2604;114;269;0;0;255
1;0;2;江府;鳥取県;563;56;133.4876;35.2826;99;269;0;0;255
1;1;1;河原;鳥取県;560;56;134.1988;35.3946;113;266;0;0;255
1;1;1;溝口;鳥取県;563;56;133.4918;35.3553;99;267;0;0;255
1;0;2;用瀬;鳥取県;560;56;134.2075;35.3432;114;267;0;0;255
1;0;2;米子;鳥取県;563;56;133.3301;35.4258;96;265;0;0;255
1;0;2;若桜;鳥取県;560;56;134.3975;35.3415;117;267;0;0;255
1;1;1;赤碕;鳥取県;562;56;133.6307;35.4668;102;264;0;0;255
1;0;2;赤碕;鳥取県;562;56;133.6303;35.5106;102;263;0;0;255
1;1;1;関金;鳥取県;562;56;133.7486;35.3649;104;267;0;0;255
1;1;2;鳥取;鳥取県;560;56;134.2198;35.4853;114;264;0;0;255
1;1;2;鹿野;鳥取県;560;56;134.0548;35.4606;111;265;0;0;255
1;0;2;上屋久;鹿児島県;777;77;130.5771;30.4204;40;388;0;0;255
1;1;2;上甑;鹿児島県;775;77;129.8678;31.8360;25;353;0;0;255
1;1;2;下甑;鹿児島県;775;77;129.7078;31.6390;22;358;0;0;255
1;1;2;与論;鹿児島県;779;78;128.4241;27.0522;121;123;0;0;255
1;0;2;中種子;鹿児島県;776;77;130.9543;30.5202;47;386;0;0;255
1;0;2;串木野;鹿児島県;770;77;130.2735;31.7123;34;356;0;0;255
1;1;2;伊仙;鹿児島県;779;78;128.9427;27.6882;130;107;0;0;255
1;1;1;佐多;鹿児島県;771;77;130.6990;31.0899;42;372;0;0;255
1;0;2;佐多;鹿児島県;771;77;130.6982;31.0888;42;372;0;0;255
1;1;1;内之浦;鹿児島県;771;77;131.0877;31.2583;50;368;0;0;98
1;0;2;内之浦;鹿児島県;771;77;131.0504;31.2804;49;367;0;0;255
1;0;2;出水;鹿児島県;770;77;130.3532;32.0909;35;347;0;0;255
1;0;2;加世田;鹿児島県;770;77;130.3225;31.4162;35;364;0;0;255
1;1;2;喜入;鹿児島県;770;77;130.5449;31.3757;39;365;0;0;255
1;1;2;国分;鹿児島県;770;77;130.7613;31.7368;43;356;0;0;255
1;1;2;垂水;鹿児島県;771;77;130.6999;31.4960;42;362;0;0;255
1;0;2;大口;鹿児島県;770;77;130.5874;32.0559;40;348;0;0;255
1;0;2;大和;鹿児島県;778;77;129.3926;28.3555;140;91;0;0;255
1;0;2;大崎;鹿児島県;771;77;131.0110;31.4304;49;363;0;0;255
1;1;1;大隅;鹿児島県;771;77;130.9969;31.5618;48;360;0;0;255
1;1;2;大隅;鹿児島県;771;77;130.9938;31.5973;48;359;0;-1;255
1;1;1;姶良;鹿児島県;770;77;130.6149;31.7140;40;356;0;0;255
1;1;1;宮之城;鹿児島県;770;77;130.4438;31.9812;37;350;0;0;96
1;0;2;宮之城;鹿児島県;770;77;130.4513;31.9006;37;352;0;0;255
1;1;2;屋久;鹿児島県;777;77;130.5553;30.2363;39;393;0;0;255
1;1;1;山川;鹿児島県;770;77;130.6183;31.2066;41;369;0;0;255
1;1;1;川内;鹿児島県;770;77;130.3602;31.8374;35;353;0;0;255
1;0;2;川内;鹿児島県;770;77;130.3032;31.8143;34;354;0;0;255
1;0;2;指宿;鹿児島県;770;77;130.6324;31.2535;41;368;0;0;255
1;1;2;日吉;鹿児島県;770;77;130.3490;31.5896;35;359;0;0;255
1;0;2;東;鹿児島県;770;77;130.1763;32.1947;32;345;0;0;255
1;0;2;枕崎;鹿児島県;770;77;130.3008;31.2776;34;367;0;0;255
1;1;2;横川;鹿児島県;770;77;130.7021;31.9060;42;352;0;0;255
1;1;2;瀬戸内;鹿児島県;778;78;129.3206;28.1388;138;96;0;0;255
1;0;2;田代;鹿児島県;771;77;130.8490;31.1990;45;369;0;0;255
1;1;2;知名;鹿児島県;779;78;128.5743;27.3340;124;116;0;0;255
1;1;1;知覧;鹿児島県;770;77;130.4333;31.3741;37;365;0;0;255
1;1;1;祁答院;鹿児島県;770;77;130.4958;31.8699;38;353;0;0;255
1;1;2;笠利;鹿児島県;778;78;129.6784;28.4510;145;89;0;0;255
1;1;2;蒲生;鹿児島県;770;77;130.5699;31.7621;40;355;0;-1;255
1;1;2;西之表;鹿児島県;776;77;130.9977;30.7319;48;381;0;0;99
1;1;1;郡山;鹿児島県;770;77;130.4594;31.6988;37;357;0;0;255
1;1;1;長島;鹿児島県;770;77;130.1191;32.1554;30;346;1;1;255
1;1;2;門倉崎;鹿児島県;776;77;130.8829;30.3488;46;390;0;0;255
1;1;1;阿久根;鹿児島県;770;77;130.2077;31.9940;32;350;0;0;255
1;0;2;阿久根;鹿児島県;770;77;130.1927;32.0145;32;349;0;0;255
1;0;2;頴娃;鹿児島県;770;77;130.4915;31.2396;38;368;0;0;255
1;1;2;鹿児島;鹿児島県;770;77;130.5740;31.6057;40;359;0;0;255
1;1;1;鹿屋;鹿児島県;771;77;130.8541;31.4005;45;364;0;0;255
1;1;2;鹿屋;鹿児島県;771;77;130.8702;31.3954;46;364;1;0;255